0.238734 0.170609 0.999386 -0.365468 -0.571389 0.724835 0.609894 0.661056 -0.846624 -0.212836 -0.789149 -0.986123 0.132152 0.591154 -0.0235037 0.394229 0.933358 -0.702617 0.823496 -0.0201767 0.820749 -0.679115 -0.997388 0.664526 -0.981813 -0.348555 0.114437 0.115391 0.304294 -0.615723 -0.592408 -0.682119 -0.998166 -0.0202503 0.958311 0.0398867 -0.624725 -0.564315 -0.610023 0.346781 0.0787906 0.814082 0.735708 0.801701 -0.301913 -0.699815 0.885738 0.707275 -0.144146 -0.358467 
0.508601 -0.812156 -0.218806 0.655928 -0.751992 -0.572587 -0.976621 0.139381 -0.488993 0.206565 -0.0464438 -0.453315 0.184277 0.449171 0.787773 0.517062 0.158781 -0.789536 0.409392 0.198952 0.429175 0.0544088 0.460334 -0.687507 -0.828471 -0.472855 -0.288058 -0.981314 -0.762168 0.819454 -0.823586 -0.73933 -0.165056 0.633472 -0.365052 -0.933229 0.688416 -0.429406 0.0941221 -0.692526 -0.617774 -0.757179 0.103491 0.554296 0.643307 -0.472479 -0.192909 0.516113 -0.666633 0.834169 
-0.316515 0.808515 0.907508 0.515603 -0.123721 0.663014 0.706368 -0.266733 -0.946347 0.582502 0.676056 -0.735756 -0.881886 -0.918988 0.0575764 0.236697 -0.633019 -0.779506 0.999066 -0.811887 0.429641 0.141782 0.836555 -0.646321 -0.742398 0.660979 -0.0647104 0.469927 0.819402 -0.56696 -0.563612 -0.746238 0.542526 0.753557 0.731811 0.608309 0.437893 -0.950191 -0.947408 -0.356889 0.198021 0.222676 -0.856803 0.24162 0.606447 -0.690805 -0.680404 0.895217 -0.0848388 -0.737501 
-0.976548 0.926964 -0.708754 0.0813919 0.973993 -0.591247 -0.104784 -0.603843 -0.233896 -0.662223 0.0984004 0.439803 -0.0485423 -0.856068 -0.872408 -0.78318 -0.269068 0.589744 -0.451823 -0.842157 0.983097 -0.90669 -0.887101 -0.526463 -0.501134 0.525456 -0.93989 -0.846964 -0.274233 -0.816802 -0.265969 0.275646 0.892863 -0.340865 0.457886 0.939399 0.871608 0.697417 0.219799 0.285715 0.478284 0.0441524 -0.933653 -0.465621 -0.319448 0.901555 -0.881921 0.788673 -0.419185 -0.671313 
0.260292 -0.276219 0.526628 -0.181175 -0.591654 0.892294 0.92953 -0.145789 0.798503 0.352492 0.324323 0.191524 -0.282444 -0.216571 0.573558 0.651617 -0.732178 0.224082 0.969229 -0.150039 0.0902951 -0.901059 -0.104284 0.243131 -0.758454 0.230566 -0.493501 0.743789 -0.619527 -0.442073 -0.595372 0.534333 -0.938486 -0.703113 0.565713 -0.612931 -0.553684 0.53236 0.274779 -0.166715 0.607008 0.576596 0.476227 -0.527159 -0.0213812 0.530794 0.414822 0.559162 -0.756384 -0.822707 
-0.409743 0.0911963 0.0225385 -0.869604 -0.332698 0.169248 -0.317046 0.738381 -0.589739 -0.0871556 0.780843 -0.0776219 0.637324 0.706955 0.733243 0.801332 -0.729835 0.542878 0.00211314 -0.92389 -0.354012 0.0890333 -0.027863 -0.152992 0.88311 -0.892218 0.916268 -0.974048 0.306747 0.0862634 0.112537 -0.286247 -0.232443 -0.0113126 -0.151664 -0.366796 -0.345117 -0.752342 -0.308972 -0.647731 -0.690212 0.342304 0.826739 0.110758 -0.0331488 -0.690192 -0.600505 -0.133578 -0.379173 0.783943 
-0.612996 0.84649 -0.377711 0.0209101 0.771505 -0.465969 -0.532915 -0.718497 -0.757181 -0.552115 -0.640235 -0.399592 -0.803957 -0.353466 -0.428175 0.0819193 -0.508815 0.173889 -0.851272 0.36024 0.675888 0.918001 -0.346123 -0.376819 0.438297 -0.447393 0.388788 0.0299101 0.829413 0.827448 0.157974 -0.757787 -0.896543 0.398985 0.13013 -0.422269 0.794237 0.948797 -0.737645 -0.189667 0.837294 0.41984 0.457326 -0.97942 -0.0743986 -0.909164 0.834032 0.218149 -0.704205 0.843322 
0.753311 -0.219535 0.30088 -0.608231 0.3685 0.335322 -0.147501 -0.322851 0.913229 0.814652 -0.752441 0.314552 0.700596 -0.387315 0.78011 -0.112728 0.416743 -0.299234 -0.0338598 -0.531423 0.831853 -0.868037 0.0296754 0.512738 -0.00922234 -0.388224 -0.782039 0.361364 0.0581715 -0.0995745 -0.588776 0.933124 -0.203692 -0.733099 -0.255329 -0.224861 -0.617124 -0.613116 0.043212 0.843288 -0.142609 -0.254043 -0.993956 -0.786965 -0.93499 0.92696 -0.706476 0.256323 -0.774041 0.542825 
-0.161116 0.293159 0.25247 0.330632 0.10495 0.213141 -0.612806 -0.390876 0.339896 -0.0293996 0.206397 -0.335421 0.260252 -0.695717 -0.839216 0.569603 -0.820305 -0.493926 0.45535 0.521176 -0.276931 -0.425713 0.64385 0.0832911 0.292236 0.883751 0.574866 -0.42286 0.881835 0.6577 -0.339897 -0.937293 -0.366612 -0.972 -0.234816 0.549948 -0.333105 0.489323 -0.399316 -0.393496 0.690744 0.761396 0.578581 -0.456257 -0.0506309 -0.606554 -0.61978 -0.0129299 0.540601 0.0416746 
0.288058 -0.757857 -0.686556 -0.0523953 0.02233 -0.483866 -0.0928358 0.761806 -0.947667 0.203535 0.108292 -0.828587 0.734543 -0.392823 0.342568 0.415421 0.920991 -0.922076 -0.101255 -0.000624748 0.804064 0.890317 0.956981 -0.127371 0.406176 -0.580867 0.831292 0.741074 -0.981393 0.400415 0.214786 0.192766 0.874061 -0.500097 -0.84043 -0.0286814 -0.193706 -0.0961672 0.110802 0.204835 -0.917607 0.595076 0.00510561 -0.113145 -0.195608 -0.313247 0.686067 -0.984229 -0.367918 -0.375793 
0.912303 0.1018 -0.622958 0.0168183 0.889443 -0.100204 -0.845547 -0.185561 -0.508295 -0.146844 -0.674517 0.788983 -0.0620296 0.753108 0.939903 -0.72948 0.320817 -0.118231 -0.753029 0.811556 -0.0211906 0.874082 -0.483222 0.420734 0.324085 0.484814 0.691783 0.537038 -0.820494 0.331562 -0.968098 -0.113622 0.187351 0.519345 0.101423 0.496527 0.887347 -0.656594 -0.33198 0.115676 -0.40529 -0.414083 0.308282 0.0271116 0.306923 -0.0856104 0.649734 0.132762 -0.0952331 -0.983794 
-0.986183 -0.842759 0.597211 0.684605 0.679122 0.602968 -0.580019 0.675887 -0.725054 -0.0009636 -0.225981 0.869179 -0.344217 0.223915 -0.321903 -0.474619 -0.582465 -0.762607 0.231527 -0.00919939 -0.831826 0.127959 -0.87779 0.82605 -0.826183 0.832027 0.702739 0.444337 -0.82528 0.00159046 0.797379 -0.358538 0.770525 -0.884542 0.968876 -0.222257 0.910162 0.330369 0.28653 -0.818687 -0.232572 -0.350819 -0.340037 0.167578 0.855261 -0.00650267 -0.211925 0.306676 -0.0789965 -0.42242 
-0.291928 -0.869693 0.267602 -0.0632292 -0.670189 -0.613189 -0.149884 -0.32756 0.224777 0.347787 0.349805 0.812877 -0.872403 -0.619828 0.313937 -0.414967 -0.207072 0.172283 -0.484091 -0.806571 -0.211413 -0.384842 0.0118986 -0.865598 -0.0413286 0.0988776 0.421435 0.28632 -0.455379 -0.390256 -0.165754 -0.0131786 0.97676 0.47759 -0.448212 0.789522 -0.220899 -0.926912 0.152941 0.434947 -0.603767 -0.548216 -0.942181 -0.386202 -0.311581 0.215603 0.472895 0.334365 -0.227574 0.195621 
0.785003 -0.457968 0.951668 -0.686929 0.85018 0.437177 -0.574883 -0.636493 -0.151026 -0.0105297 -0.612944 -0.763539 -0.143524 0.117759 -0.307293 -0.395322 -0.757917 -0.123339 -0.472527 -0.232355 0.034229 0.0431344 -0.845298 -0.843942 -0.307822 0.790445 -0.37998 0.578935 0.793219 -0.182873 0.301584 0.445768 -0.895723 -0.664748 0.107285 -0.518442 -0.596561 0.486284 -0.248275 -0.281834 0.183144 -0.793461 -0.865465 -0.486368 -0.527811 -0.801786 -0.210968 0.365269 0.414833 0.924156 
0.358699 0.051609 0.119519 0.454639 -0.0153622 0.391637 0.0765593 0.394849 -0.914535 -0.599028 0.382819 0.4641 0.860938 -0.447008 -0.00225974 -0.783397 0.265628 0.815036 0.626385 0.542792 0.170157 -0.196953 0.0607137 -0.197234 0.600637 -0.652217 0.487836 -0.688202 -0.494355 0.0205476 -0.424121 -0.501042 -0.982328 0.663685 0.139192 0.284513 -0.497865 0.370946 -0.662094 0.526816 -0.98915 -0.844354 0.130982 -0.228238 -0.228327 -0.562261 0.756897 0.55372 -0.543731 0.783675 
0.251891 -0.161909 0.182818 0.523893 -0.323486 -0.548377 -0.4446 0.266224 -0.449972 0.163795 0.0589381 -0.58457 0.698822 0.773307 0.214376 -0.114163 0.220688 -0.126805 0.0755216 0.642049 -0.878701 -0.191951 0.355843 -0.3414 0.974664 -0.0171961 -0.323842 0.0294293 0.267813 0.341437 -0.210992 -0.690487 0.388292 -0.741624 0.0577833 0.728901 0.724978 0.24054 0.363005 0.333826 0.978535 0.447472 0.192521 -0.403299 0.57387 -0.217206 -0.807954 -0.263112 -0.800702 -0.410725 
0.228352 0.941503 5.79323e-06 0.426498 -0.467748 -0.449538 0.907892 -0.753915 -0.904081 0.985204 0.836842 0.750354 -0.839989 -0.71111 -0.650932 0.981428 0.0907238 0.03814 0.567096 0.321327 -0.913591 0.399607 0.556898 -0.268524 -0.650827 0.596123 -0.90883 0.45072 -0.606796 0.744903 0.487563 0.883274 0.675461 -0.00941024 0.639496 -0.11141 0.726088 -0.841916 0.38699 -0.221321 -0.317305 0.964124 0.615819 0.957607 0.463778 -0.451614 0.279125 -0.494709 0.704849 -0.0478944 
-0.248834 0.378181 0.815049 -0.233411 -0.59514 -0.36662 -0.0782455 -0.51013 0.602017 -0.329727 -0.324344 -0.25721 0.116607 0.6402 0.99766 0.260365 0.741303 -0.349249 0.364849 -0.972767 -0.0926003 0.587006 0.022806 -0.545664 0.282963 -0.618763 0.823462 0.0263008 -0.263633 0.405587 0.291392 0.200158 -0.770916 0.70367 -0.13474 -0.800834 -0.890164 0.500276 0.947475 -0.57073 0.944648 0.111552 0.259056 -0.504131 -0.977869 0.396285 0.568227 0.0830941 -0.866618 -0.992591 
0.497584 -0.148035 -0.00866581 0.401113 -0.384675 0.272227 0.545156 -0.0313721 0.249832 -0.703742 -0.724275 -0.866919 0.757543 -0.696784 -0.181346 -0.903932 -0.897987 -0.950469 0.858686 -0.698743 -0.133826 -0.436799 0.532046 0.765009 0.180563 0.293378 0.970934 -0.71353 -0.822245 -0.753815 -0.981886 0.650424 -0.397174 -0.503793 -0.470374 -0.519658 -0.0377858 0.771229 -0.650743 -0.588631 -0.823134 -0.817576 0.317583 0.539211 -0.0641859 0.935045 0.107296 -0.642362 0.357188 -0.75732 
0.909649 0.572817 -0.55352 -0.335061 0.758539 -0.0361796 -0.859183 -0.170512 -0.153244 -0.55557 -0.584199 0.688881 0.368876 0.68113 0.951336 0.699501 0.271599 0.442644 -0.545829 -0.70594 -0.876372 -0.817352 -0.579532 -0.364372 0.731814 -0.510679 0.439318 0.0564213 0.133528 -0.339452 -0.329704 0.896427 -0.269866 -0.877658 0.000356501 -0.654321 -0.862945 0.0821264 0.44295 0.211222 -0.329533 -0.893955 0.98683 0.722537 -0.37655 -0.138721 -0.99308 0.487643 -0.511233 0.00287059 
-0.602447 -0.924064 -0.271102 0.675064 -0.968313 -0.92308 -0.327375 0.468865 0.929842 -0.733254 -0.757884 0.382002 0.0840321 0.273977 0.58425 0.851137 0.558754 0.569372 -0.782351 0.34495 0.734919 0.94782 -0.700171 0.953199 -0.853268 0.467627 0.58833 0.123805 0.316984 0.547002 -0.165973 -0.145815 -0.20413 -0.574072 0.847674 0.878697 -0.625811 -0.594793 0.603756 0.716255 0.56083 -0.371183 -0.561223 0.530145 0.0323813 -0.482334 -0.10211 0.99171 -0.0476516 -0.22359 
0.358836 -0.705633 0.228338 0.77796 -0.698924 0.762714 -0.378041 -0.251123 -0.23975 -0.166766 0.320979 -0.763964 0.103348 0.319169 0.260461 0.361026 -0.527344 0.295802 -0.448236 0.421741 0.978734 0.170527 -0.387483 0.491646 0.468468 0.668308 -0.230325 -0.624224 0.0616411 -0.541561 0.60711 0.513779 0.967984 -0.963137 0.328431 -0.791211 0.578209 -0.466774 -0.0615854 -0.322245 0.550538 0.439934 0.396407 -0.613637 0.491408 0.559979 0.716841 -0.335156 -0.880913 0.556408 
0.459765 -0.828801 0.882751 -0.754837 0.0444274 0.614867 -0.862989 0.531388 -0.823071 0.104536 -0.898305 -0.183879 -0.339997 0.939224 0.717396 -0.870613 -0.781392 0.771116 -0.0522083 -0.65065 0.420953 0.620274 -0.647839 -0.769762 0.379858 0.325654 -0.680955 -0.626952 -0.387483 -0.531353 -0.361433 -0.885588 0.900906 -0.902527 -0.22482 -0.644005 0.59362 -0.821023 -0.973733 0.0289869 0.106331 0.00297145 -0.716327 0.876137 -0.0941957 -0.8091 -0.500843 0.288926 0.144657 -0.333682 
-0.771103 -0.824226 0.924782 -0.0126231 0.188436 -0.656944 -0.0596682 -0.629587 -0.55648 -0.235932 -0.619141 0.873946 0.238562 -0.277518 0.406191 -0.206229 -0.408621 -0.408 -0.281032 -0.0394698 0.862937 0.858818 0.811128 -0.270203 -0.311547 0.14936 0.581806 0.104085 -0.347134 -0.521004 -0.248053 0.18399 -0.226628 -0.918092 0.409181 -0.278576 0.674664 -0.900118 -0.00413371 -0.51363 -0.717995 -0.935487 -0.480436 0.596657 0.1916 -0.899566 0.0354834 0.934724 -0.309567 0.444209 
-0.509263 0.702522 -0.716735 0.161868 -0.126687 0.14084 0.162392 0.156159 -0.182821 -0.0397631 0.298967 -0.796643 -0.586734 -0.448187 0.321457 0.478592 -0.906646 -0.297787 0.882265 0.540203 -0.563464 0.194855 0.701012 0.448323 0.145628 0.195253 -0.419691 -0.24035 -0.531823 0.320449 -0.189232 0.138244 0.269707 -0.125432 -0.845185 -0.840609 0.0985978 -0.464695 0.606154 0.384353 -0.0817257 -0.904479 0.0489288 -0.480445 -0.473995 -0.811737 0.0690738 0.272927 0.915549 0.285748 
0.404818 -0.69992 0.899723 0.861144 0.5279 -0.637029 0.846396 -0.468269 -0.454341 -0.858264 0.904297 -0.947391 -0.68304 -0.789739 -0.846612 -0.83544 -0.0804507 0.693502 -0.586374 -0.545959 0.633169 0.0910487 -0.0272864 0.594663 0.578292 0.221136 -0.72043 0.874449 0.92168 0.386741 0.515845 0.237275 0.20179 0.946123 0.114716 0.516253 0.794273 -0.493704 0.0249827 -0.874396 0.477771 -0.626074 -0.61684 -0.488737 -0.302353 0.0443396 -0.614963 0.683276 -0.37766 -0.796062 
0.185894 -0.615239 -0.651456 0.5555 0.224235 0.263711 -0.356943 -0.965136 0.340606 0.387036 0.00897092 -0.586453 1.02082 0.605258 0.153176 -0.635538 -0.825057 0.862655 -0.772865 -0.93262 -0.362338 -0.638135 -0.436826 -0.843682 0.197332 0.644211 -0.653005 -0.138134 -0.900445 0.284603 -0.137429 -0.671526 -0.54128 -0.847191 0.542285 -0.349648 -0.828133 -0.209476 0.106286 0.789928 -0.903984 -0.0706933 0.536412 0.36677 -0.646111 -0.192292 0.194843 0.54252 0.499006 -0.144145 
0.583642 0.503997 0.277427 -0.784639 0.37588 -0.346469 -0.303188 0.0501636 -0.91814 -0.838843 0.901307 -0.404905 -0.325876 -0.751577 -0.562697 -0.866529 0.81734 0.766302 0.42769 -0.435753 0.483335 -0.487471 0.313051 -0.952395 0.928961 0.459786 -0.518943 -0.731211 0.868678 -0.637383 -0.171434 -0.41848 0.0912381 -0.0772496 0.56649 0.632166 0.499174 -0.0303166 -0.75607 0.796245 -0.0174349 0.410482 0.623298 0.215538 0.437053 -0.4667 0.0740021 -0.66909 -0.986805 0.46744 
-0.519383 0.578234 0.205899 0.405289 0.613053 -0.825796 -0.915017 0.439001 0.694698 0.31764 -0.285042 -0.760248 -0.112258 0.968682 -0.223944 -0.652787 -0.217083 0.027842 -0.509578 0.0468344 0.260942 0.0810521 0.980651 0.896804 -0.158886 0.875341 -0.844074 -0.551987 -0.0869054 -0.119105 0.295982 -0.615819 -0.397933 0.93065 -0.427505 -0.0766079 -0.222047 0.675911 -0.438834 0.921034 -0.910351 -0.60512 -0.206756 -0.40889 0.159722 0.516856 -0.832315 -0.56852 0.527613 0.380834 
-0.348511 -0.568318 -0.305759 0.201442 0.481598 0.46172 0.937946 0.937688 0.0849729 -0.118521 0.674423 0.446743 -0.863767 -0.130148 -0.310543 0.164389 -0.088233 0.741803 0.563805 -0.0613734 -0.39195 -0.329264 0.602283 -0.357234 -0.535387 -0.370138 0.9885 0.805694 -0.609673 0.780633 0.849517 -0.861368 0.596245 0.448069 -0.849365 -0.548689 0.489649 -0.919391 -0.898179 -0.0468373 -0.7501 -0.780213 0.752745 -0.130774 -0.20308 0.398061 0.80801 -0.663563 -0.754531 -0.79407 
-0.143366 -0.56914 0.450903 0.550467 0.991371 0.869205 0.50426 -0.0204058 0.0384958 -0.960966 0.0109706 0.947467 0.735792 -0.394675 0.411569 0.174131 0.299138 0.503604 -0.366843 0.255125 0.217971 -0.19263 -0.310287 -0.325476 0.954584 0.0740039 0.64138 -0.146064 0.659753 -0.117899 -0.952987 -0.429514 -0.931612 -0.970504 -0.613286 -0.00699829 -0.406365 0.523114 -0.952433 0.63209 -0.507809 0.756508 -0.702739 0.984155 0.892098 0.427603 -0.215908 0.604809 -0.0954781 0.377446 
-0.099232 0.873904 0.401282 -0.974529 0.369233 0.199219 0.657439 -0.435552 -0.573381 -0.339567 0.514043 0.293722 0.460423 0.929578 0.833458 -0.414547 0.804568 0.623762 0.5022 -0.350417 0.950638 0.241941 -0.580511 -0.173984 -0.186488 0.373689 -0.951075 -0.888072 -0.324692 0.487016 -0.775146 -0.0610526 -0.269633 0.00713366 -0.969541 -0.343838 0.104066 0.6865 -0.51542 0.0995817 -0.66791 -0.575404 0.806023 0.111383 -0.134684 0.632998 -0.768605 -0.802923 0.444917 -0.557189 
-0.550761 0.818708 0.21773 0.982632 -0.0752569 0.397269 0.240764 -0.0809925 0.883169 -0.86105 0.247335 -0.627145 1.03104 -0.424009 0.623378 0.250455 -0.885653 -0.837597 -0.782821 -0.314777 0.280924 -0.952781 -0.968178 -0.443691 -0.814256 -0.833879 0.592057 0.188579 -0.627137 -0.0419736 0.428327 -0.240849 -0.746557 -0.373666 0.343092 -0.282283 -0.0976681 0.652131 -0.233194 0.197011 0.757407 0.0421824 0.607374 0.664648 -0.00686332 -0.878899 -0.241123 0.0317416 0.201047 -0.318861 
-0.89786 -0.256748 0.895131 -0.383991 0.361 -0.478904 0.81664 -0.289857 -0.958775 -0.664942 -0.887708 -0.238897 0.205739 0.69842 -0.238339 -0.751964 -0.204438 -0.471923 0.0521862 0.238698 -0.20088 -0.603772 -0.590067 0.0605668 0.642726 -0.186359 -0.325146 0.0779271 0.194646 0.162848 0.852728 0.156336 -0.158757 0.751714 0.00165248 0.737418 0.932597 0.094615 0.785539 -0.880046 0.918058 -0.547714 0.950586 -0.50545 0.357331 0.818946 0.872214 0.282738 0.106276 -0.981959 
0.703772 0.907455 0.754802 0.235851 -0.735082 -0.10561 -0.627656 0.126168 -0.685937 0.293687 0.842188 0.571682 -0.870842 -0.266066 -0.0178991 -0.689523 0.690851 -0.111637 0.0176683 -0.406121 0.768184 0.684483 0.846888 -0.460328 -0.66807 -0.132755 -0.676308 -0.864202 -0.085248 1.00802 -0.653877 0.92727 0.229901 -0.479496 -0.837133 -0.0304091 -0.0569662 -0.987577 -0.414233 0.27757 -0.347026 -0.205616 -0.595724 0.734341 -0.871614 0.0228286 0.531335 -0.673854 0.944104 0.814298 
0.915017 -0.785049 -0.317853 0.839651 0.105356 -0.162188 -0.761145 0.00818899 -0.631183 0.0114796 0.914559 -0.806921 0.0346022 0.621632 -0.419869 0.743771 0.795189 -0.6056 -0.0985833 0.557581 -0.494222 -0.125114 0.124007 0.785736 -0.907895 0.301488 -0.657788 0.396585 0.12717 -0.448024 -0.170894 -0.348629 0.720464 -0.982487 -0.0799779 -0.739496 0.851415 -0.46999 0.315727 0.176088 -0.884588 -0.769934 0.293734 -0.431187 0.171536 0.823079 0.804822 0.135941 0.453554 -0.476276 
-0.443211 -0.703677 0.830026 0.381283 -0.76083 -0.218188 -0.744747 0.921912 -0.802756 -0.825349 -0.363189 -0.528386 -0.249316 -0.178145 -0.0416338 -0.478164 0.137545 0.616752 -0.725429 -0.123689 -0.686029 -0.975584 0.881885 0.227708 0.00480385 0.0619415 0.798622 -0.271697 0.454209 0.765565 -0.397871 0.601475 -0.474069 0.00628909 0.687716 0.441535 -0.591691 -0.4906 0.0930873 -0.163023 -0.738374 0.752718 -0.700192 0.00745336 0.998565 0.595352 -0.960283 -0.406691 0.371783 -0.881867 
-0.630984 0.0869529 -0.00435314 -0.715619 -0.759493 0.824428 -0.686343 0.808746 -0.554378 -0.275377 0.850581 0.233205 0.124934 -0.646468 0.415784 0.447722 0.228906 0.593891 -0.511653 -0.662228 -0.701985 -0.0343861 0.960126 -0.764231 0.635875 -0.120383 -0.0180836 -0.668816 -0.482374 0.117034 -0.247337 0.291406 -0.737331 -0.823247 0.85833 0.0945732 0.551351 -0.249624 0.522255 -0.0934623 -0.351583 -0.917584 -0.756211 -0.995187 0.595561 -0.109588 0.860617 0.370266 -0.546584 0.460098 
0.837764 0.522747 0.598326 -0.63831 -0.118903 -0.98167 -0.865348 -0.439023 0.926975 -0.3608 -0.204698 0.13695 -0.17738 0.297181 0.844886 -0.926348 -0.672257 0.134087 -0.052832 0.196932 0.204701 -0.918832 -0.229884 -0.00342053 0.966398 0.0327334 -0.718634 -0.58734 0.322305 0.893578 0.0513406 0.388002 -0.808948 -0.348092 0.702093 0.131236 0.726284 -0.439565 0.536676 -0.254159 0.886869 -0.980174 0.0475482 -0.885259 -0.525636 -0.651021 -0.791926 -0.567458 0.594246 -0.654356 
0.0087309 0.353177 -0.955446 0.207722 -0.887729 -0.800974 0.718859 0.415002 0.223721 0.430899 -0.242634 0.313158 0.724666 -0.396078 0.5264 -0.0739315 0.104948 0.00352149 -0.605118 0.138916 0.371947 -0.225898 -0.391826 0.852027 0.111606 -0.0576212 0.389817 0.425258 -0.437145 0.893736 0.239991 0.224586 -0.779887 -0.0667837 0.87931 0.469836 0.883569 -0.215192 -0.769689 -0.0832839 0.288174 -0.912678 0.179592 -0.612815 0.178082 -0.179842 0.440342 0.134823 -0.412477 0.216467 
0.895106 -0.745368 -0.472508 0.0365293 0.973832 -0.879361 -0.568391 0.205178 0.452357 0.602929 0.81184 -0.637678 0.659238 -0.665455 -0.873886 -0.630615 0.226509 0.880238 -0.868169 0.436245 -0.545855 -0.707314 -0.610441 -0.564388 -0.973454 0.999555 0.181442 0.61843 -0.0865913 -0.943517 0.250883 0.749436 -0.162409 -0.285133 0.911107 -0.0195956 -0.166379 -0.877668 0.0660502 -0.718196 -0.638604 -0.339588 -0.275561 0.824334 0.296357 0.741293 -0.00225897 -0.354966 -0.225716 0.466726 
0.723757 -0.630973 -0.916922 0.610469 -0.202073 -0.0937757 0.182405 -0.34485 -0.0614964 0.709761 -0.669975 0.302741 -0.841012 -0.601117 -0.410839 -0.307965 0.328996 0.931444 -0.303355 -0.566349 0.593012 -0.577346 0.610324 0.19409 0.971354 -0.0639 -0.445133 0.108888 -0.980825 -0.365924 -0.124459 -0.520527 -0.835241 -0.0251917 -0.297782 -0.251257 0.818358 0.384178 -0.364433 0.976602 -0.0269662 0.142595 -0.976862 -0.89002 0.412846 0.980377 -0.274921 -0.5711 0.285512 -0.796121 
0.466122 -0.252617 -0.283967 0.714951 -0.016289 -0.503316 -0.0378769 0.497228 -0.937468 0.169854 -0.753367 -0.537732 0.527752 -0.433981 0.508728 0.146003 -0.805081 0.962242 -0.312894 0.893935 0.351405 0.471286 -0.49093 0.648926 0.132059 0.140846 -0.979203 0.89976 0.96072 0.383545 0.406385 -0.15483 0.674434 -0.832663 -0.0156731 -0.308731 -0.713954 -0.249394 -0.33731 0.317739 0.55466 -0.737719 0.291114 0.433264 -0.798093 -0.772327 0.523924 0.935494 0.792626 -0.845282 
-0.884344 -0.800519 -0.720991 -0.346065 -0.0260464 -0.45794 -0.230284 -0.0226312 -0.6339 -0.571677 -0.8787 -0.632566 -0.704008 -0.555609 0.107692 0.0265254 0.554008 -0.937045 0.918222 0.164442 -0.277606 0.370118 -0.765484 0.804303 -0.787333 0.944002 0.449668 -0.731105 0.646611 0.581629 -0.470022 0.152672 -0.0605545 -0.337704 0.876769 0.668986 0.413098 0.531065 0.29406 0.83687 0.0216243 0.798497 0.445045 -0.518732 -0.936661 0.24112 0.562988 0.106171 -0.626117 0.410871 
-0.377655 -0.887435 -0.401701 -0.951718 -0.83065 0.394324 0.366968 -0.569189 -0.40472 0.635249 0.672775 0.879683 0.0512006 -0.595008 -0.161085 0.197398 -0.421723 0.0595769 -0.378783 -0.845128 -0.703915 -0.193438 0.454192 -0.645826 -0.699777 0.789352 -0.377195 -0.413959 0.215321 0.832361 0.290537 0.774749 -0.35701 0.401221 0.750293 -0.954372 -0.0693955 0.0830487 -0.261662 0.942572 -0.220591 -0.813952 -0.431694 -0.747066 0.343161 0.467672 -0.33498 -0.397037 0.0822988 -0.571028 
-0.535406 -0.582859 0.0918355 -0.104712 0.170559 -0.701119 0.802727 0.439956 -0.983749 -0.501648 -0.37869 -0.389717 0.327679 0.815445 -0.188215 0.718926 0.498702 -0.0952358 -0.645316 0.546947 -0.254485 0.267843 0.87983 0.929676 -0.508396 -0.92728 0.529235 0.959138 0.761247 0.919195 -0.504174 -0.62074 0.467481 0.693646 -0.962767 0.816875 0.319932 -0.247331 -0.811331 -0.964729 -0.831843 -0.893937 0.61391 -0.708662 -0.831064 -0.355359 -0.703155 0.763696 0.6698 0.153951 
0.0719669 0.8129 -0.484127 -0.0482638 0.173333 0.0759877 -0.0773027 -0.740475 0.008258 -0.745931 -0.748344 0.940899 0.966589 0.95953 0.449885 0.898598 -0.589829 0.313993 -0.760844 -0.781551 0.34853 -0.21647 -0.758052 0.125138 0.566078 -0.767251 0.714843 0.401707 0.80792 0.455207 0.926671 -0.344014 -0.48904 -0.382556 -0.16127 -0.94929 -0.294275 0.0297393 -0.434175 0.167219 -0.91251 -0.355596 -0.313336 0.209967 -0.357316 0.0552874 0.332428 -0.279101 0.506178 -0.0717812 
0.282154 0.221815 0.139589 -0.774724 0.506274 0.669727 0.0892196 0.998412 0.511093 0.828849 0.06329 -0.233179 -0.981201 -0.210896 -0.227433 -0.208258 -0.0147963 -0.560506 0.641944 0.0564198 0.323562 0.94033 0.778044 -0.0173183 -0.572243 -0.371237 -0.427269 -0.492911 0.723302 0.206317 0.46847 0.681733 0.388071 0.218175 -0.177855 -0.536227 -0.198457 0.414294 0.667929 -0.502709 -0.5996 -0.39783 0.545337 0.786287 0.264309 0.441665 -0.833889 -0.714737 0.609891 0.232627 
0.0958385 0.372904 0.946634 -0.338853 0.110643 0.237756 -0.179523 -0.667635 0.595022 0.549951 0.295142 -0.660584 0.830549 0.939535 -0.261822 0.358152 0.221304 0.0713778 0.929333 -0.840081 0.850993 -0.224512 0.115988 0.340267 -0.809819 0.756373 -0.0421962 -0.950849 0.192619 -0.533242 0.712641 0.809033 -0.187263 -0.818018 0.355302 -0.5799 -0.72156 0.918515 0.758857 -0.403799 0.91219 -0.0737435 -0.249316 0.0511035 -0.459427 -0.202013 -0.173151 -0.781974 -0.738857 -0.680473 
0.373351 -0.0389375 -0.184791 0.069246 0.503548 -0.764341 -0.887973 -0.279708 -0.453706 -0.0607965 0.565334 0.133078 -0.714823 0.423247 -0.566425 -0.472972 -0.70583 -0.950187 0.283338 0.713371 0.75142 0.639307 -0.957598 0.0598478 0.805292 0.876532 0.670965 0.61707 0.761772 0.771719 -0.531509 0.98975 -0.450793 -0.936986 0.032107 -0.812883 -0.613864 -0.00507134 0.515753 -0.476555 0.633688 -0.665055 -0.615659 0.480697 0.399086 0.348991 0.894681 -0.281707 -0.171143 -0.907653 
0.430611 -0.511623 -0.424424 0.208373 0.595739 -0.907173 -0.964095 -0.214538 0.408594 0.329257 -0.232698 -0.710206 -0.808798 -0.0852247 0.369003 0.340204 0.569689 0.566206 0.30952 -0.338326 0.677852 -0.302297 0.528012 -0.291117 0.642893 0.050753 0.981468 -0.87569 -0.29468 0.229027 0.268524 0.0527802 0.821375 -0.858046 0.177906 0.94205 0.404805 0.242803 -0.0258479 -0.88421 -0.899391 -0.84815 -0.82972 -0.697302 0.39911 -0.401163 0.13736 0.986667 0.227122 -0.094044 
-0.220005 0.386516 0.216813 0.0422252 0.00197891 0.717534 0.494626 -0.437375 0.635948 0.993248 0.988951 -0.620846 -0.382399 -0.551963 0.476549 -0.963334 -0.290484 0.738609 0.381234 0.681752 -0.488682 0.0313953 0.38007 0.0285374 -0.0118304 0.57663 -0.0594992 -0.66871 -0.955065 0.827601 0.165019 0.875244 0.742776 -0.219932 -0.170113 -0.464708 -0.539648 0.941567 0.224639 0.940087 -0.774309 -0.974256 0.260515 0.577257 0.744013 -0.529305 -0.518707 0.832006 -0.0795995 -0.836832 
0.149808 -0.635766 -0.661401 -0.170027 -0.0912643 -0.891827 -0.817626 -0.431259 -0.487083 -0.601211 0.556651 0.381357 -0.0946806 0.13471 0.548368 0.67709 0.25818 -0.589933 0.980544 0.62493 0.33354 -0.0191737 -0.390202 -0.599478 0.522414 0.636598 -0.187497 0.990087 -0.620305 0.159978 0.130267 -0.261448 -0.676948 -0.246216 -0.492269 -0.640657 0.876844 0.976446 -0.171441 0.299947 0.97735 -0.194892 0.452367 -0.362639 -0.0855634 -0.789961 -0.251952 0.336459 0.100055 -0.37429 
-0.717791 0.868377 0.560001 0.987221 0.0288466 -0.464938 -0.716025 0.685937 -0.218774 0.51492 -0.828395 -0.59488 0.777252 0.982486 0.712559 -0.925817 -0.0175343 -0.165515 -0.693711 0.0756946 0.0531058 -0.392567 0.100356 0.334342 0.99664 -0.911331 0.260903 0.955587 0.897094 -0.236269 -0.593346 0.42213 -0.926629 0.105719 -0.313105 -0.955964 0.677396 -0.957308 -0.788185 -0.843696 0.111464 0.729556 0.924362 0.94033 -0.304803 -0.650639 0.768489 0.400234 0.374247 -0.264974 
0.81497 0.839255 -0.128341 -0.542478 0.102372 -0.803853 0.474739 0.263492 -0.54191 0.467238 0.879095 -0.970614 -0.588301 -0.135703 0.494553 0.551617 0.146063 0.167377 0.477891 -0.914737 0.40039 0.560502 -0.414866 -0.853485 -0.244906 -0.950568 0.505575 -0.920586 0.85088 0.800316 -0.118399 0.693196 0.143744 -0.207466 0.865599 0.911311 -0.809558 -0.354099 -0.659389 0.610653 0.797367 0.732065 -0.139183 0.255975 0.167764 -0.723027 0.808529 -0.843645 0.364742 0.9075 
-0.393983 -0.539871 0.508377 -0.685617 0.884057 0.395529 0.844417 0.304153 -0.79327 -0.246142 0.159241 -0.832574 0.201422 0.588077 0.704352 -0.152191 0.475294 -0.62728 -0.511451 -0.663458 -0.376868 -0.122678 0.516432 0.515596 -0.785237 0.249607 -0.318719 0.553697 -0.0449429 -0.0836858 -0.143145 0.186846 -0.262263 0.611399 0.52582 -0.405868 -0.479055 -0.595362 0.727875 0.803327 -0.859681 -0.533716 -0.354908 -0.615896 0.366801 -0.785806 0.0702307 -0.355835 0.687901 0.503475 
0.960285 0.752489 0.554436 0.661869 -0.486867 -0.157623 -0.0206825 -0.62573 -0.346751 0.851272 0.223315 0.678775 0.806444 -0.352374 -0.726043 -0.586993 0.00508972 0.232287 -0.786642 0.0808089 -0.0940107 0.952552 0.902739 -0.2257 0.548808 -0.830574 -0.589987 -0.0932463 0.581901 -0.135971 -0.10875 -0.235845 0.449752 0.390379 -0.0946761 -0.318442 0.898903 -0.110898 -0.46981 0.518737 0.460675 -0.156654 -0.703444 0.267335 0.12743 0.561574 0.334118 -0.734814 -0.688938 -0.68844 
-0.0294581 0.95389 0.321444 -0.319266 0.273595 0.582165 0.565639 -0.730126 0.779077 -0.933489 -0.435724 -0.493451 0.17775 0.735789 -0.350383 -0.111861 -0.0103461 0.441855 0.244617 0.90562 0.0058022 -0.0114534 -0.149284 -0.221813 -0.49536 0.587808 0.486135 0.797013 0.147773 0.250713 0.898926 0.849638 0.599427 -0.248611 -0.606538 -0.440712 0.0844484 0.551683 0.744231 -0.261075 -0.738796 -0.49031 -0.670484 0.908091 -0.166353 -0.166589 0.0826936 0.442888 -0.552158 -0.075269 
0.756782 0.785766 0.0922753 0.960047 -0.937143 -0.724471 -0.684828 0.325534 0.327014 0.0544808 0.4826 -0.555998 -0.104771 0.545834 -0.847424 0.593074 -0.97271 -0.895377 -0.50596 0.525994 -0.401719 -0.990249 -0.445158 -0.495793 0.592614 -0.270454 0.807186 0.751654 -0.547269 -0.8023 0.0548529 -0.796178 0.459374 0.492692 -0.919845 0.862616 0.740993 -0.783591 -0.359389 -0.955746 -0.694638 0.879478 -0.776246 -0.350134 -0.920694 -0.796436 0.227609 0.603294 0.105443 -0.171875 
0.763518 0.275232 -0.892357 0.515531 -0.585021 -0.288636 0.553473 -0.269101 0.0265162 -0.706485 0.467828 0.90776 -0.305703 0.541503 -0.647534 -0.706546 0.526348 -0.084832 0.00597607 -0.435295 0.634317 0.523099 -0.535193 0.899755 -0.391547 -0.216123 -0.888076 0.373951 -0.260233 -0.702033 0.781071 0.623298 -0.778758 -0.750883 0.236205 0.296466 -0.371413 -0.887006 -0.526216 0.546772 -0.94563 -0.0289716 0.0993791 -0.722841 0.455682 0.23685 0.0077974 0.162446 -0.845625 0.0137536 
-0.246385 -0.876536 0.132684 0.373125 0.489949 -0.823702 -0.891918 0.911801 -0.378944 -0.964659 0.890946 -0.95194 0.315883 0.502053 0.659044 -0.483011 -0.0591407 -0.400724 0.781794 0.695663 -0.196016 0.745489 0.124445 -0.959116 -0.0208797 -0.277731 0.872071 -0.859708 0.0839562 0.8918 -0.914256 -0.799293 -0.343754 -0.739253 -0.155038 -0.764784 0.145147 0.777846 0.424499 0.41278 -0.534311 0.872745 -0.37784 0.24826 0.659772 0.32606 0.341112 -0.960194 0.833256 -0.760885 
0.096407 -0.541911 0.240764 -0.616896 -0.280873 0.106223 0.534702 -0.505661 0.637806 0.581231 -0.119105 0.451045 -0.142971 0.0596907 0.674449 -0.971856 -0.281437 -0.341478 0.824681 0.530999 -0.596593 0.908179 0.425891 0.523383 -0.565082 -0.828868 -0.427215 0.152019 -0.93422 0.296768 0.550561 -0.0722667 -0.568237 0.0533559 0.786952 0.762343 0.839182 0.736891 0.515523 0.186354 0.104181 0.307502 -0.208885 0.358126 -0.484927 -0.741691 -0.860707 -0.694722 0.440315 0.779298 
0.153563 0.593507 -0.234601 0.355116 0.28968 0.0178454 0.196831 0.789062 0.0778318 0.0714054 0.0909616 0.775807 -0.0648375 -0.830098 0.73069 -0.655939 -0.960003 -0.463608 0.0146094 -0.362408 0.620901 -0.583928 -0.948013 -0.125625 -0.195305 0.963872 0.32756 -0.426134 -0.0252858 -0.227554 -0.125385 -0.281789 -0.548377 0.811019 -0.540678 -0.0132376 -0.865217 0.896326 0.810823 0.503178 -0.866656 0.50726 0.386964 0.981938 -0.742865 -0.304048 -0.710585 -0.581551 0.445745 -0.684846 
-0.746357 0.383803 -0.250672 -0.66303 -0.918512 -0.017434 0.654159 0.301487 -0.197881 -0.118051 -0.309839 -0.558941 0.609491 -0.399535 0.767969 0.425463 0.328461 0.649721 -0.63722 0.133056 -0.858478 0.559711 -0.357346 0.504461 0.0233688 0.376587 -0.102084 -0.0293436 0.862409 0.257772 0.453332 -0.897086 0.323108 0.0921454 -0.197357 -0.603867 -0.356933 -0.142407 0.882519 0.645207 0.113732 -0.376126 -0.645755 -0.24025 0.936775 -0.680745 -0.504355 -0.200648 0.583854 -0.639612 
0.308947 0.959338 0.158705 -0.0622461 -0.285206 -0.921221 -0.285818 0.422039 -0.180706 0.718392 0.585145 -0.836972 0.271969 0.655035 0.522763 0.888893 0.601672 -0.492546 0.319609 -0.799393 0.690179 0.631517 -0.712732 0.566731 0.107519 -0.83806 0.988919 -0.0789182 -0.448099 -0.805383 -0.649227 -0.144935 0.58858 -0.762408 0.953177 0.559008 -0.592589 0.983108 -0.693625 -0.630072 0.861433 -0.00672171 0.410549 0.588742 0.951386 0.319721 0.431525 -0.258217 -0.814471 -0.0340258 
0.42943 -0.190199 0.979543 -0.133269 0.767967 0.209164 0.783898 0.536169 -0.0896197 -0.722353 -0.343769 0.822079 0.795225 -0.11079 -0.670969 -0.942044 0.430378 -0.218385 0.428697 0.286777 -0.0858395 -0.360384 0.358636 0.7589 0.208717 -0.683885 0.114145 0.304157 -0.39354 0.0813743 0.77439 -0.173927 -0.737869 0.157189 0.263411 -0.458715 -0.820649 0.986884 -0.842765 -0.937411 0.650471 -0.802558 -0.712692 0.884879 0.0989645 0.772146 -0.344039 -0.860008 -0.908467 -0.308295 
-0.0118205 -0.329787 0.591049 -0.199957 0.751645 0.988444 -0.64951 0.848829 -0.338972 0.68708 0.249231 -0.342212 -0.877619 0.364681 0.855298 -0.99589 -0.0849585 0.377479 -0.734306 -0.379331 -0.913125 0.0937966 0.51016 -0.436539 0.0384296 0.0807167 -0.642466 0.825322 -0.23249 -0.765351 -0.331703 0.881927 0.477976 -0.0106548 0.183707 0.0585907 0.409968 0.693018 -0.607895 -0.549349 -0.521387 -0.0274029 0.108604 0.981442 0.477494 -0.959908 0.544673 0.868252 -0.64468 0.351471 
-0.140339 0.0651038 -0.547082 -0.274741 0.0826912 0.0446796 -0.800321 0.568287 -0.655621 0.632656 0.343208 0.137952 -0.925663 0.857066 0.269024 0.880871 0.310501 0.0180331 0.582692 -0.0110523 0.238465 -0.454755 0.34361 -0.106079 -0.1834 -0.366547 0.34783 0.201527 0.352235 0.285472 -0.127655 0.99433 0.846127 0.254481 0.733482 -0.435217 -0.344325 -0.151449 -0.208179 0.688528 -0.426322 0.61534 -0.407594 -0.0949365 0.453531 0.859135 -0.215608 -0.855203 0.779586 0.342185 
0.227568 -0.879195 -0.0894058 0.465434 0.157066 -0.118679 -0.438831 0.348195 0.247488 -0.220924 0.324238 -0.161496 -0.754043 0.833041 -0.936028 0.99851 -0.371992 0.267641 -0.773771 0.00421096 0.42111 0.534497 -0.794687 -0.686592 0.177809 0.920685 -0.961305 0.652701 -0.659167 0.289739 -0.352947 0.180416 -0.164624 0.864271 0.335876 -0.702423 -0.660478 0.965329 0.209737 -0.277453 0.753273 0.768104 -0.0476348 0.875805 -0.623672 -0.026182 0.696639 0.350419 0.149908 -0.49759 
-0.238569 0.892507 0.315795 0.49949 0.201246 -0.46727 0.22823 -0.936038 0.822023 0.99713 0.344938 -0.835528 0.669996 -0.940432 0.675362 -0.239333 -0.519673 -0.0551782 -0.432148 0.34332 0.190476 -0.515139 0.750643 -0.737548 0.0284376 0.599215 0.90058 0.413334 -0.676274 0.997371 0.34937 0.33716 -0.837632 -0.835738 0.582535 -0.0810021 0.116753 -0.38163 -0.712615 -0.817772 0.758501 -0.505897 -0.589957 -0.75044 -0.645404 0.184273 -0.134887 -0.451098 -0.530152 -0.572051 

