-0.799185 -0.463652 -0.869084 0.56613 -0.226318 -0.773428 0.788328 -0.210265 0.290847 0.856729 0.64145 0.889279 -0.952341 -0.0149561 -0.142471 0.988319 0.867412 -0.345903 -0.596751 0.57188 
-0.143499 -0.688001 -0.471908 0.0862881 0.79232 -0.981511 0.376583 -0.863718 -0.988008 -0.441844 -0.405997 0.677384 -0.476846 0.172607 -0.971664 0.857151 -0.581542 -0.885528 0.543534 -0.456395 
0.675583 0.317516 0.651586 0.778077 0.0687899 0.237097 -0.856516 0.181757 0.649514 0.026023 0.963244 -0.0614236 -0.153936 0.535299 0.146497 -0.39829 0.601908 -0.930604 0.474166 -0.413678 
0.43828 -0.423746 -0.35311 -0.423863 -0.0592099 0.880556 -0.229283 -0.0588637 -0.407632 0.133063 0.458452 -0.015126 0.945381 -0.281746 0.713263 -0.336444 0.587679 -0.111572 -0.0702169 0.614115 
0.590197 -0.77219 -0.485671 0.989678 -0.031976 0.963342 -0.537133 0.131956 0.680844 0.461658 -0.732738 -0.671273 0.492145 -0.886765 0.763847 0.222816 0.563871 -0.623385 0.71469 -0.837778 
0.607285 -0.537513 -0.328545 -0.511024 -0.639459 0.547994 0.194606 0.922592 -0.173238 -0.713925 -0.927594 0.037085 -0.0249649 -0.0398514 0.575635 0.605189 0.0845294 0.533674 0.486522 0.501281 
0.732466 0.677195 0.0671372 -0.177049 -0.258732 0.11383 0.397404 -0.222806 0.231188 -0.954766 -0.281287 0.800565 -0.34984 0.540873 0.86315 0.938711 -0.343991 -0.945648 -0.938115 0.447209 
0.793123 -0.188268 0.674252 -0.854268 -0.368385 -0.422001 0.955637 -0.344724 -0.316709 -0.339949 0.202381 -0.417018 -0.00521075 1.01924 -0.894624 0.0184534 0.890119 -0.384911 -0.329201 -0.618091 
0.211434 -0.698634 -0.920044 0.0241351 0.525443 -0.220687 -0.645363 -0.089465 -0.0649153 0.929255 -0.814907 -0.910688 0.868382 0.322545 0.0350988 0.157035 -0.522025 -0.989938 0.980572 -0.504125 
-0.304826 -0.746161 -0.70004 -0.524312 -0.91091 0.403484 -0.427819 -0.604247 0.736058 -0.17363 0.59969 0.353831 0.730053 0.439315 0.965622 0.860935 0.910468 -0.116836 0.973867 -0.254515 
-0.856474 -0.832312 0.0275821 0.255094 0.241787 -0.685868 0.956474 -0.483359 0.502815 -0.46126 0.484449 -0.445634 0.701246 -0.642496 -0.112684 -0.972262 -0.516451 0.238935 0.465963 0.47735 
0.363535 0.655141 0.721731 0.928517 -0.472926 0.521037 -0.0616281 -0.542566 -0.895796 0.408677 0.822483 -0.233922 -0.211322 -0.268993 -0.829122 0.483157 0.887933 -0.217579 -0.720477 -0.0568086 
-0.458012 0.886563 0.389996 -0.048996 0.6784 -0.629158 -0.194483 0.0123434 0.481504 -0.456965 -0.14668 -0.360612 0.00897201 0.735616 -0.28876 -0.675368 0.579757 0.278282 -0.260591 0.0204915 
0.675018 0.676471 0.719289 0.752443 0.63185 -0.503343 0.0979533 0.0551428 -0.00765908 0.40732 0.0202866 -0.899294 0.388634 -0.522946 -0.853262 -0.228786 -0.189491 -0.858899 -0.0970206 0.0337953 
0.0417167 -0.520409 0.815192 0.5578 -0.614952 -0.514133 0.933222 0.211859 0.37236 0.237742 0.698522 -0.643077 -0.147047 0.849574 0.161621 0.12712 -0.650994 -0.322649 -0.893381 0.470168 
-0.402222 -0.86083 0.807841 -0.314252 0.426163 -0.522132 0.188059 -0.592762 0.647608 -0.88045 -0.588825 -0.578562 0.444348 -0.816057 -0.94025 0.140792 0.787345 0.113021 0.848425 -0.22182 
0.0162674 -0.763184 -0.949117 -0.931251 0.506558 0.468976 0.902296 -0.782212 0.134581 -0.855129 -0.0200461 0.590031 -0.603619 0.116912 -0.566594 -0.812556 -0.391727 -0.722376 -0.474044 0.280968 
0.469189 0.596405 -0.139833 -0.24674 0.938725 -0.985971 0.522996 0.841723 -0.212021 -0.890407 0.0835332 0.409045 0.229579 -0.39302 0.560258 -0.275154 0.986147 -0.372617 0.9856 0.142608 
-0.516019 0.660557 0.338032 -0.684338 0.604151 -0.865706 0.550626 0.817579 -0.247497 -0.570587 0.110987 -0.0615969 0.00712325 0.0420805 0.97923 0.0731291 0.450621 0.327113 -0.0319635 -0.247753 
0.777278 -0.508569 -0.969034 -0.61928 0.41871 0.583944 0.629336 -0.631309 -0.684524 -0.628527 0.13973 -0.664162 -0.583176 -0.878645 -0.112425 0.570351 -0.432795 0.349073 0.14962 -0.907792 
0.891208 0.136363 0.7724 -0.79353 -0.401846 0.891229 0.252422 0.988007 -0.792377 0.219354 0.831572 0.821346 0.0939117 -0.150179 0.343318 -0.945925 0.278132 0.397249 0.710552 -0.171924 
0.560687 -0.128803 -0.383328 -0.120691 -0.945213 0.973106 0.646076 0.0248708 0.257856 0.481891 -0.781989 -0.349124 0.358059 -0.872515 -0.27218 0.525167 -0.454314 0.478285 -0.376284 -0.636066 
-0.111092 -0.289968 -0.997495 0.901889 -0.178937 0.641603 0.0358406 -0.0576926 -0.285679 0.229329 -0.936062 0.589447 -0.0930937 0.695372 0.294949 -0.0598531 -0.624654 0.124628 -0.740345 0.579496 
0.71263 -0.570065 0.205643 0.806366 0.911617 -0.741528 -0.794173 -0.427153 0.253371 -0.774523 0.19336 0.727133 0.460397 0.0564807 0.801951 0.399781 -0.0496792 0.76004 -0.493258 -0.116352 
-0.987159 0.506188 0.0707957 -0.217208 0.182542 0.456257 0.6632 -0.508241 0.33151 -0.18572 -0.631603 0.638675 0.0331264 0.342653 -0.849863 0.249879 0.853301 0.124622 -0.586295 0.572845 
-0.697859 -0.990791 0.366613 -0.983889 0.755637 0.475135 0.500504 -0.318338 -0.67815 -0.934638 -0.31314 0.331975 0.665391 -0.112053 0.760315 -0.931074 0.410405 -0.059519 0.230351 -0.535855 
0.0187915 0.558408 -0.0060591 0.379341 0.552444 0.21435 0.176207 -0.475436 -0.352669 -0.86895 0.305469 -0.120608 0.934139 -0.301363 0.176143 0.377831 -0.517114 0.685733 -0.203409 -0.555415 
-0.233075 0.389443 0.262977 0.81908 -0.922645 0.930555 0.985779 -0.948847 0.755301 -0.141288 0.00187301 -0.626934 0.985461 -0.460876 -0.985734 -0.824071 -0.835669 -0.290138 0.112809 0.409081 
0.0322225 -0.314612 -0.0819314 -0.690209 0.348371 0.469467 -0.536663 0.905354 -0.648781 0.220733 0.68459 -0.0234514 0.797199 -0.415974 -0.639937 0.485583 0.934572 -0.591086 0.665498 0.513855 
0.643354 0.216755 0.0529884 0.653848 -0.738395 -1.02728 0.525514 0.598948 -0.964291 -0.454892 -0.174691 -0.551487 -0.437623 0.716747 0.253573 -0.681931 0.621788 0.516151 0.706227 -0.436587 

