0.69691 -0.657914 -0.734182 -0.44051 -0.138511 -0.682234 0.986234 0.419773 0.276812 0.176925 
-0.683279 -0.797211 -0.90573 -0.641956 0.65986 0.44281 -0.154137 0.41806 -0.499855 0.327044 
-0.356793 0.683637 -0.0532038 -0.865335 0.244646 0.443589 0.348192 0.057101 0.0683645 0.687621 
-0.503131 0.558614 -0.953865 -0.175958 0.163308 -0.169822 0.502915 0.914988 0.448565 0.869202 
0.596492 0.326348 -0.791645 0.0850499 -0.748658 0.95981 0.94606 -0.87942 -0.851447 0.151256 
-0.162425 0.283193 -0.0170429 -0.598912 -0.182435 -0.13906 0.445659 0.154097 0.911467 -0.684564 
-0.869552 -0.038518 0.543505 0.300467 -0.0261609 -0.504093 -0.601001 0.0240268 -0.407453 -0.877714 
0.118675 -0.466794 -0.514076 0.901508 0.0193466 0.530555 -0.0257533 0.436671 -0.655803 0.348409 
0.401669 0.686823 -0.70083 0.142858 -0.0593733 -0.408478 -0.595442 -0.664557 -0.490025 -0.0177258 
-0.180117 -0.0569971 -0.927618 0.23726 0.206101 0.0260867 0.378239 -0.345349 0.808965 -0.301127 
0.918299 0.540843 -0.797489 -0.0453672 0.894596 -0.5106 0.686718 -0.602427 0.928833 -0.621459 
-0.102977 0.849355 -0.712631 0.106832 -0.0032609 -0.145678 0.712227 -0.986882 -0.203085 -0.656276 
0.785779 0.82929 0.62379 0.392705 0.538482 -0.752305 -0.777535 -0.943249 -0.26432 0.715561 
0.60682 -0.469642 -0.553414 -0.258995 0.293365 0.321243 -0.650846 -0.892135 0.358132 -0.731256 
0.974952 0.626323 0.602771 0.777878 -0.328566 -0.180741 0.103749 0.171337 0.590326 0.578319 
-0.716914 -0.804156 -0.216455 -0.885643 -0.579681 0.460973 -0.960032 -0.104443 0.726915 -0.326462 
0.428428 -0.931803 0.19597 -0.739797 -0.480974 0.629484 -0.962026 0.550897 -0.64267 0.17408 
-0.590338 0.491394 0.722015 -0.979663 -0.821849 0.391833 0.838375 -0.708724 0.502308 0.0347955 
0.292058 -0.382825 -0.254882 -0.806278 0.831956 -0.0673302 -0.468247 0.202534 0.918657 0.212143 
-0.197754 0.345538 0.26996 -0.540433 0.800659 0.0888547 -0.258835 0.990157 -0.974333 0.878897 

