0.843075 0.501222 0.365512 0.829656 -0.920893 0.987665 0.635006 -0.366452 0.577791 -0.816618 0.0253113 -0.831729 0.570916 -0.823371 -0.174015 0.325927 0.719752 -0.0917783 -0.883479 -0.7106 -0.246575 -0.71842 -0.334904 -0.301088 -0.725418 -0.427724 0.375982 0.844963 0.5056 0.92273 
-0.958554 -0.848974 -0.627659 -0.906609 -0.700506 -0.729284 -0.35366 -0.938518 0.673499 -0.527415 -0.733608 -0.986353 -0.244664 -0.725896 0.0446466 0.577271 -0.469592 0.0351748 0.508332 -0.86488 -0.212919 0.0807149 -0.40502 0.122184 0.192214 0.470334 -0.614623 -0.0285699 -0.354386 -0.135357 
-0.40938 -0.748475 -0.950769 -0.974887 0.871888 0.732747 -0.219469 0.58426 0.622064 0.230422 -0.611591 -0.830473 0.315576 -0.470466 -0.823171 0.989918 0.775093 -0.0843068 -0.0529834 -0.44975 0.43967 -0.734707 -0.776585 -0.446659 0.0274796 -0.931863 -0.469764 -0.698057 0.475275 0.367576 
-0.749845 -0.332857 0.268903 0.923966 -0.799801 -0.488059 0.693842 -0.44309 0.0391701 -0.451509 0.323944 -0.746877 0.679457 -0.268764 0.507426 -0.389369 -0.0872759 0.57421 -0.496662 -0.397988 -0.65272 -0.361213 -0.460702 -0.232011 -0.840012 0.6623 0.165788 -0.655108 -0.760232 -0.142944 
-0.0740536 -0.587797 -0.799044 0.746122 0.971352 -0.743507 -0.171398 0.0396683 -0.416933 0.486117 0.0786173 -0.859138 0.370855 -0.705016 -0.318563 -0.972408 0.0633717 -0.206345 -0.136631 -0.425924 0.98991 -0.616482 -0.190553 -0.192247 0.759829 -0.402852 -0.013919 0.80885 0.854249 0.259639 
0.789587 0.0497353 -0.875017 0.632561 0.488298 0.973806 0.283468 0.720049 -0.0706751 -0.224152 -0.452556 0.168827 0.0763891 -0.533942 -0.942527 -0.913839 0.253199 -0.722542 0.162241 0.868257 -0.958492 0.702677 -0.434015 0.635317 0.858092 -0.119184 0.534518 -0.903789 -0.282613 0.306664 
0.878193 -0.316183 0.15792 -0.0260314 -0.549705 -0.198755 -0.696273 -0.0300657 0.0864606 0.741656 -0.365684 -0.0891766 0.771034 0.7463 0.00773716 0.409548 -0.984038 -0.796575 -0.515542 0.476784 0.759592 -0.155764 -0.72997 0.000804438 -0.914199 -0.898236 0.0170415 -0.832798 -0.971016 -0.099652 
0.21188 -0.340088 -0.907013 -0.0615969 -0.791109 -0.871895 -0.66491 0.188388 0.462209 -0.595641 0.474201 0.640506 0.884493 0.891508 0.463306 0.937037 -0.165233 0.403661 0.92024 0.665547 0.433502 -0.795606 0.935445 0.462696 0.523755 0.632175 -0.841648 -0.959075 0.587877 -0.337573 
-0.139344 -0.446645 -0.382493 -0.172506 -0.620289 0.330236 0.475671 -0.960414 -0.555327 -0.0131505 0.164904 0.631299 -0.554475 0.826883 -0.259672 -0.00427061 0.744719 0.791671 0.0338567 -0.139222 0.200934 -0.693978 0.919355 -0.279786 -0.836228 0.778166 -0.577326 -0.465147 -0.25744 -0.679919 
-0.11129 0.877927 -0.982041 0.166004 -0.180716 -0.742575 -0.0113511 0.617219 -0.046784 0.29467 0.714462 -0.0855984 0.575704 0.596473 0.730336 -0.0854883 -0.588034 -0.166188 0.0262182 0.276377 -0.907877 0.370512 0.700462 -0.133692 0.802993 0.669066 0.310896 -0.959342 0.576638 0.209215 
-0.256228 -0.0222566 0.348257 0.215742 -0.102954 -0.88477 -0.745425 -0.683433 -0.106068 -0.401901 -0.512607 -0.739298 -0.970666 -0.920716 -0.53738 0.809923 0.828939 -0.519761 0.558748 -0.715534 0.115428 0.00304162 -0.153266 -0.641749 0.487341 -0.636004 -0.41966 0.113109 -0.79673 0.273213 
0.215815 -0.249928 -0.985119 -0.690124 0.74956 0.860967 0.668022 0.662155 0.27639 0.219544 -0.806306 0.222671 0.494328 -0.046406 0.141247 0.677395 0.615978 -0.573016 0.0308819 0.678237 0.240731 -0.134784 0.511262 0.491373 0.680117 0.279045 -0.546236 0.871994 0.862748 0.868496 
-0.91423 0.775986 -0.41068 0.396877 -0.582718 -0.303617 0.675848 -0.930579 -0.67092 -1.01324 -0.901889 0.178558 -0.184657 -0.33639 -0.148509 0.399197 0.902365 -0.892299 -0.467553 -0.320698 0.825675 -0.4126 0.047226 -0.702963 0.0770704 -0.481278 -0.0871353 0.429945 -0.360046 0.97527 
0.84738 0.083504 -0.965598 -0.666394 -0.00733441 0.143177 0.571415 -0.89144 0.746748 0.56602 -0.812476 0.449783 0.758225 -0.610338 -0.747868 0.831534 0.0756153 0.253093 -0.125682 0.424271 0.141166 -0.424905 -0.301243 -0.291502 -0.833216 0.724071 0.903836 -0.766614 -0.39524 0.493679 
0.901004 0.291816 0.916975 -0.90272 0.600896 0.0525968 0.0534037 -0.39418 -0.63125 -0.0718023 0.883212 0.315683 -0.662586 0.399618 0.579129 -0.856765 -0.494784 0.834415 -0.83818 -0.0704487 -0.632369 0.467001 -0.350353 -0.358297 -0.3035 -0.71548 0.880554 0.410257 -0.611125 -0.462503 
-0.665368 0.0791098 0.299461 0.177926 -0.328189 0.81588 -0.768417 -0.0131219 -0.947415 0.597061 -0.136184 0.473006 0.370332 0.401271 -0.645718 -0.958491 0.96429 -0.890413 -0.444194 0.550751 0.886241 0.781462 -0.68215 -0.642935 0.0688408 0.703223 -0.157244 0.587384 0.199505 -0.222671 
-0.600281 -0.35156 -0.804868 0.327167 -0.849706 -0.700763 0.292892 -0.883253 -0.656635 0.176411 -0.060179 -0.688518 0.652552 -0.0399498 -0.876644 -0.386973 0.481877 0.808015 0.713832 -0.523563 -0.435771 0.233628 -0.687306 -0.407786 0.205977 0.806206 0.84847 0.500953 -0.54473 -0.612283 
-0.859711 -0.267393 -0.780848 -0.490557 -0.926181 0.0476402 0.32209 0.937171 -0.411378 0.403887 -0.602618 -0.943928 -0.0584596 -0.751691 -0.197941 -0.390648 -0.888215 -0.547151 0.330498 0.632056 -0.320019 -0.461264 -0.357211 -0.896774 0.888586 -0.579081 0.514558 -0.437683 -0.323915 0.744572 
0.522472 -0.805225 0.399182 0.124554 -0.614418 -0.590034 0.875235 0.717528 -0.248923 -0.929859 0.447572 0.596133 -0.810078 0.0219031 0.333172 0.715653 -0.848869 -0.639444 -0.812414 0.152024 0.193689 -0.0719542 -0.297768 -0.232857 -0.662533 0.169213 -0.722195 0.414575 -0.340191 -0.131216 
-0.805462 0.455366 0.417331 0.46928 0.333849 0.841882 -0.451213 0.95931 0.0435219 -0.516513 0.707238 -0.969622 0.185144 0.623557 0.182043 0.897222 -0.0432619 0.804569 -0.338365 -0.736867 -0.641023 -0.237398 -0.188517 0.417266 -0.0676395 0.24329 0.753764 -0.519452 0.476429 -0.454211 
-0.240956 0.217355 -0.0445661 0.493301 0.328501 -0.405318 -0.348675 0.427282 0.179388 0.518843 0.480686 -0.965172 0.106451 0.982506 0.432073 0.752888 0.497165 -0.143364 0.764085 0.0325676 0.295333 0.361168 0.927492 -0.761149 -0.256789 -0.605376 -0.294092 -0.203983 -0.171106 1.00403 
-0.539435 0.590888 0.245746 -0.989202 -0.300301 0.796587 -0.427537 0.148333 -0.617244 0.726547 -0.189871 0.858809 -0.995628 0.645382 -0.732935 -0.265929 -0.809572 -0.0438294 0.296507 -0.553585 0.282682 0.890283 -0.124259 -0.155521 0.106795 0.263082 0.891868 -0.620371 0.814655 0.96364 
0.0706661 0.781552 -0.447237 0.795474 -0.934984 -0.537782 0.0873486 0.582432 -0.0360867 -0.275473 0.975533 0.078178 0.316568 -0.344277 0.0388314 0.82281 -0.977299 0.521962 0.18477 0.50807 0.735752 0.989584 -0.182123 0.955086 0.394941 -0.695222 -0.919042 -0.992854 -0.722755 -0.925416 
-0.614008 -0.10896 0.0182136 -0.231694 0.345645 -0.948556 -0.280704 0.55563 0.285151 -0.366306 0.720549 0.878236 0.861787 -0.0273202 -0.541278 0.880604 0.811616 -0.904602 0.246863 0.378318 -0.292699 -0.811857 0.154103 -0.597645 -0.280239 -0.266612 -0.419168 -0.913142 0.776259 -0.561732 
-0.109096 0.873995 -0.946811 -0.113333 -0.926028 -0.749192 0.246681 -0.856451 0.377417 0.534303 -0.0617665 0.735858 0.271816 0.251092 0.412888 -0.370291 -0.0520942 0.406068 -0.746747 -0.0444312 -0.10446 -0.233347 -0.754848 0.500357 -0.493045 0.671567 0.882963 -0.109101 0.430096 0.28945 
-0.347983 0.628723 0.139752 -0.495761 0.735577 -0.441786 -0.538129 -0.158142 0.903683 -0.33123 -0.485797 -0.950821 -0.273513 -0.492808 -0.162906 -0.493872 0.697974 -0.0572276 -0.93409 0.286527 -0.350452 -0.723327 -0.395802 0.563678 0.0683902 -0.0457285 0.244179 0.917833 0.145913 0.34983 
0.506375 -0.0248325 -0.787519 -0.509419 0.415759 -0.133692 -0.462465 0.383891 -0.264713 0.787314 0.252671 0.623355 -0.410386 0.596562 0.31029 -0.14625 0.549637 -0.652406 -0.329746 -0.356281 0.882416 0.598492 -0.894459 0.688748 0.743995 -0.989262 0.000677028 -0.0449067 -0.83453 -0.441303 
0.880687 0.216551 -0.351121 -0.735076 0.995037 0.113048 -0.632906 -0.167097 -0.63375 0.676678 0.905346 0.545185 0.116017 -0.233309 0.917866 -0.56849 0.0195057 -0.696242 -0.250836 -0.815285 0.403926 -0.693572 0.596009 0.72664 -0.948767 -0.833827 -0.954286 -0.676719 0.548347 -0.0400584 
-0.10093 0.357658 0.69806 -0.531597 0.654085 -0.611165 0.139726 0.5508 -0.496411 -0.988841 -0.975397 0.584797 -0.478671 0.684295 0.878599 -0.794438 -0.147923 -0.610303 0.608442 0.985872 -0.864554 0.78194 -0.410569 -0.12211 -0.657504 0.356989 -0.495831 -0.775484 -0.0395329 0.319705 
-0.514791 -0.265781 0.875503 -0.502401 -0.216175 0.825037 -0.528523 0.41382 0.900381 0.900907 -0.401328 -0.812509 -0.601785 0.0104479 -0.139405 0.695793 0.00130972 0.860323 -0.635304 0.352549 0.527751 -0.500996 -0.248876 -0.416899 -0.371296 -0.645974 0.702101 0.634538 0.849816 -0.959664 
0.610622 0.419815 -0.350729 -0.541107 0.0257859 0.191773 0.94975 -0.222414 -0.288266 -0.0314134 0.680615 -0.098563 0.569702 0.343263 0.68653 -0.546253 0.691735 -0.883652 -0.27505 -0.882222 0.622968 0.178418 -0.220246 -0.425996 -0.201199 -0.720426 -0.067912 0.118364 0.453827 0.952303 
0.0438837 -0.395859 -0.215973 -0.584097 -0.995553 0.441428 0.279088 -0.142542 -0.095563 -0.795442 0.15856 -0.177951 -0.520783 0.931598 -0.860737 -0.398451 -0.89996 -0.69 0.931431 0.63372 -0.69842 0.926371 -0.076373 -0.215898 0.892145 -0.855784 -0.189168 -0.812761 -0.51157 -0.186615 
0.964743 -0.0748361 0.552527 -0.390614 0.338755 0.196074 0.917051 0.928197 0.131567 0.34051 -0.557301 0.422238 -0.602091 -0.80972 0.35758 -0.673649 -0.0632426 0.142042 0.0606832 0.839993 0.711508 -0.105292 -0.734621 -0.666005 0.888344 0.23778 -0.644021 -0.850329 -0.451939 0.808172 
0.0288666 -0.6175 0.256061 -0.0665562 0.408617 -0.623168 0.5633 -0.853274 -0.532286 0.654498 0.954742 0.901188 0.0907991 0.497744 -0.114634 -0.0217224 -0.49962 -0.741718 -0.24253 -0.268034 -0.542806 0.206646 0.0933592 -0.736055 0.777782 0.408475 0.200135 0.642021 -0.0472463 -0.790605 
0.0709352 -0.492626 0.366371 -0.435964 -0.0111458 0.843695 0.804147 -0.724192 -0.134276 0.491734 -0.428538 0.296221 0.877555 -0.596368 -0.444613 0.7908 0.160257 -0.349794 -0.91047 -0.737778 -0.80658 -0.505693 0.731461 -0.854256 -1.04629 0.257447 -0.494902 -0.793014 0.749355 -0.892858 
0.0926515 -0.32964 0.974705 -0.515982 -0.54559 -0.446373 0.117488 0.53307 0.528111 0.923133 0.897705 -0.655977 -0.43852 -0.213551 -0.112597 -0.41208 -0.406473 0.0516773 -0.873852 0.657731 0.825535 -0.108046 0.177936 0.334112 -0.400651 0.391198 0.866442 0.389797 -0.973135 -0.372928 
0.283902 -0.939469 -1.01402 -0.176847 0.477137 -0.672491 0.794639 -0.0324494 0.608875 -0.318974 0.17499 -0.741542 -0.420666 -0.105927 -0.802863 -0.739632 -1.04477 0.593755 0.532464 0.254526 -0.343404 0.604918 -0.482436 0.832655 0.152083 0.22087 -0.1362 -0.9644 -0.49325 0.749145 
0.122626 -0.531633 -0.38171 0.106393 0.68664 -0.722964 -0.0255488 -0.778398 -0.732743 0.363675 0.995361 -0.566925 0.410758 0.117387 -0.196514 -0.739327 0.988533 0.873435 0.448508 0.0598989 -0.710882 -0.484842 -0.213245 -0.0550238 0.82151 -0.0755078 0.0386549 0.269117 0.0239468 0.257682 
-0.878101 0.838626 0.133176 0.186118 -0.91688 0.453074 0.973725 0.246028 0.989952 -0.706698 -0.160368 -0.584277 -0.83835 -0.53079 0.167047 -0.086925 -0.789977 -0.284535 -0.468968 -0.220145 0.432882 -0.519347 0.101414 0.889578 -0.947839 0.147828 0.92501 0.60522 -0.254733 0.0982563 
-0.710205 0.593971 0.965626 -0.35525 -0.207099 0.772395 0.091809 0.0938325 -0.0845777 0.24351 -0.0814492 0.0137535 0.396346 -0.83544 0.927041 0.645271 -0.273568 -0.0870511 -0.070835 -0.607596 -0.301914 0.845497 -0.360944 0.209719 -0.0254571 0.399438 -0.427488 0.193865 -0.79067 -0.672269 
0.0433484 0.987716 -0.437 0.202036 0.736842 0.258475 -0.230184 -0.474814 0.80487 -0.680352 0.753416 -0.901612 -0.767993 0.922996 -0.782815 -0.335446 0.833167 -0.32448 -0.23142 -0.788648 0.386536 0.621588 0.958696 -0.237984 -0.175617 -0.601395 -0.570998 -0.374084 -0.714141 -0.4381 
-0.123292 -0.469397 -0.714395 -0.454311 0.505912 0.847451 0.331661 -0.415863 -0.346903 0.1012 -0.452554 -0.266691 -0.622548 0.216964 0.341439 0.523456 0.368196 0.376413 -0.674104 -0.560938 0.445329 0.281635 0.604683 -0.958838 -0.773993 -0.82822 0.966208 0.915453 -0.0613176 -0.329082 
0.991373 -0.62709 -0.0318846 -0.139207 -0.921821 0.423658 0.911175 0.32469 0.286827 -0.12003 0.970897 -0.320128 -0.506079 -0.440321 -0.732193 0.0287867 -0.915074 -0.818595 0.588012 0.389854 0.196336 0.427155 -0.879355 0.750571 0.805835 -0.0779248 -0.937975 -0.50975 0.97505 0.0254376 
0.543057 0.164422 0.365073 -0.813664 -0.0171719 0.665601 0.615666 0.485087 -0.941151 0.613492 0.911713 -0.77739 0.95746 0.0878953 -0.592647 0.67416 0.2931 -0.128861 0.125723 -0.377374 -0.839905 -0.143918 0.700496 0.505522 -0.328024 -0.00191899 0.553596 -0.172221 0.989306 -0.205665 
0.771911 0.229346 0.225812 -0.809246 0.342464 0.284462 0.902141 -0.681448 0.288765 0.813352 0.873988 -0.405048 -0.274133 -0.145267 0.117677 -0.981696 -0.843517 0.690204 0.44315 -0.455811 -0.333402 -0.66966 0.385671 0.246984 0.401386 0.0254564 0.441072 0.798406 0.407209 0.746197 
0.365907 0.512169 0.577655 -0.516501 -0.342552 0.654041 -0.792283 0.445606 -0.853658 -0.411839 0.510478 0.0851417 -0.27838 -0.419485 0.975725 -0.706757 0.129498 0.496704 0.946821 0.0330842 -0.0493416 0.382291 0.341637 -0.907095 0.47661 -0.976262 -0.317821 0.753024 0.0406676 -0.793777 
0.464938 -0.597175 0.681985 0.233449 0.940321 0.221294 -0.98641 -0.230427 -0.606254 -0.978396 0.908595 0.214183 -0.920141 0.615484 -0.663713 -0.97627 -0.158148 -0.558011 -0.5834 0.379266 0.242846 0.063807 0.811107 0.218791 0.482157 -0.253745 0.93894 -0.977615 0.2668 0.59066 
0.606074 -0.187621 -0.113335 -0.915408 0.287956 -0.832043 -0.796909 0.697106 0.0686302 0.267255 -0.326463 0.050623 -0.579552 -0.947091 -0.564068 0.485288 -0.427402 -0.896991 0.329723 0.500885 -0.39925 0.260384 -0.624491 -0.210042 -0.203592 0.91906 0.636776 0.186776 0.952785 -0.476872 
0.450605 0.671798 0.47124 -0.524083 0.717861 0.965522 0.541552 -0.435372 0.623459 0.99495 0.0830151 -0.935679 -0.809287 -0.0095751 -0.760775 -0.757269 0.284283 0.206163 0.0316304 0.4917 0.119792 0.421222 -0.724739 -0.015557 -0.413017 0.842175 0.0996994 0.766877 -0.940275 0.964169 
-0.371663 0.00868377 0.753402 0.511624 -0.213847 0.914108 -0.210023 -0.310869 -0.721548 0.734954 -0.903754 0.880511 -0.543912 0.222724 0.253373 0.371147 0.609504 -0.706354 -0.412682 -0.29344 -0.427014 -0.613885 -0.834206 -0.86983 0.892451 0.0988252 -0.53875 0.0840875 0.0802025 -0.805491 

