-0.593536 0.583603 -0.390877 -0.191933 -0.714934 0.624988 0.290186 0.845332 -0.598534 -0.444165 -0.383538 0.402741 -0.299589 -0.838862 -0.00890618 -0.160062 0.399956 0.110923 -0.400362 -0.584734 0.203215 -0.555892 -0.338451 -0.33877 -0.476508 -0.292098 -0.769896 0.328167 -0.758287 -0.58121 
0.299209 -0.675195 -0.537047 -0.245272 -0.778102 0.0380042 0.394107 -0.348697 0.688129 0.0888777 0.0216368 0.372578 0.901232 0.0405268 -0.613113 0.82139 -0.00244872 -0.448771 0.570808 -0.725551 -0.026654 -0.436125 -0.325673 -0.668605 0.657292 0.530436 0.562104 -0.331057 0.516847 -0.846048 
-0.528851 0.772973 0.600686 -0.151905 -0.45351 -0.314831 0.882289 0.897954 -0.238171 -0.31186 -0.306938 0.454399 0.403829 -0.3036 0.045116 0.689401 -0.456718 0.613844 -0.340407 0.460941 0.16654 -0.373446 -0.128191 0.0814757 0.564564 -0.825311 -0.276243 0.496794 0.0830834 -0.895881 
-0.792941 0.443975 -0.849061 0.105541 -0.60613 -0.612904 0.848688 0.226444 -0.811859 -0.899148 0.195559 -0.785262 -0.370792 -0.713145 0.434893 -0.288246 0.00305004 -0.474618 0.0635205 0.0298411 -0.147075 0.876956 -0.140099 0.460973 -0.751798 0.159845 -0.177797 0.367449 -0.688583 -0.909573 
0.36782 -0.358159 -0.138696 0.203691 0.155499 -0.306875 0.607768 -0.825936 -0.30736 -0.195003 0.149481 -0.556605 0.579882 -0.625524 -0.339944 -0.090265 -0.536696 0.287548 0.186226 -0.710097 0.146006 0.281565 0.447749 -0.0734859 -0.247613 -0.369345 -0.695568 -0.293514 -0.178076 0.698946 
-0.197443 0.795006 0.164487 0.457418 -0.644769 -0.700176 -0.70007 -0.567765 0.836096 0.629787 -0.212396 -0.195349 -0.563381 0.0284938 -0.143487 0.862455 -0.130485 0.76638 0.27507 0.16012 -0.503595 0.775915 0.520486 0.0688423 -0.463779 0.519407 -0.720034 0.408339 0.310466 -0.610099 
-0.492205 0.455504 0.718189 0.311957 0.420312 0.219833 -0.34859 0.912471 0.307086 -0.800798 0.19603 -0.459665 0.370738 0.529448 -0.760958 0.529706 -0.623851 -0.352078 0.0211047 -0.439918 -0.531433 -0.574401 0.86401 0.296439 -0.151043 0.591667 0.167866 -0.592648 -0.609059 0.0456786 
0.3788 -0.434097 0.556518 -0.348885 -0.549918 0.384902 -0.642355 0.132135 0.371943 0.355649 -0.517069 0.656559 0.633429 -0.697801 0.297382 0.383487 -0.496986 -0.301167 -0.299359 -0.0326679 0.334344 -0.523375 0.775603 -0.230267 -0.529919 -0.895848 0.720285 0.374047 -0.71857 0.683024 
-0.92558 0.389237 0.697628 -0.387455 -0.208356 -0.929388 0.836879 -0.692218 0.24372 0.162286 0.784752 0.703384 0.151393 -0.863737 -0.663285 0.568144 0.0915545 -0.847247 0.335856 -0.254709 0.126347 0.341436 0.809361 0.0667853 -0.63737 0.696118 -0.692172 0.3426 -0.673548 0.234562 
-0.197997 0.40893 0.340028 -0.851719 -0.0392189 0.444561 0.442992 -0.40418 -0.138128 0.859281 -0.655871 -0.581951 0.317837 -0.0476179 0.483646 -0.492997 0.124446 -0.486229 0.0126641 0.275143 -0.0717884 0.255486 0.547135 -0.587222 -0.444447 -0.154843 -0.113145 0.61229 0.0881906 0.575724 
0.544989 0.338721 -0.23678 -0.622994 -0.742491 0.568324 -0.263975 -0.0829895 0.283184 0.149026 -0.745661 -0.422603 0.854648 0.0638243 -0.843162 -0.302868 -0.319105 -0.104707 -0.652696 -0.440254 0.718168 -0.860335 0.84281 -0.111348 -0.801664 0.121911 0.688321 -0.550926 0.230915 0.499625 
-0.819495 0.332379 0.265672 -0.425362 0.809524 -0.479892 -0.67896 -0.791344 0.0569356 0.160798 0.435254 0.46729 0.300271 0.613792 -0.714431 0.876829 -0.0528431 0.60023 -0.894007 -0.608934 0.844817 -0.881592 0.112564 0.677212 0.813918 0.381827 -0.606968 0.747932 -0.835161 0.602628 
0.622837 0.318625 -0.789663 -0.895821 -0.643241 -0.834421 0.110687 0.188703 -0.42439 0.57799 0.65241 -0.218279 -0.697185 0.77892 0.775607 0.0985988 -0.819871 -0.792318 -0.0355777 -0.77323 -0.185497 0.0204039 0.362008 0.181516 -0.635235 -0.503443 -0.466734 -0.475504 -0.906256 -0.728659 
0.469337 0.794639 0.408354 0.739638 -0.406338 0.392587 0.0652638 0.446175 0.27834 -0.555437 0.816061 -0.900469 -0.157552 -0.492361 0.252148 -0.835484 0.445431 0.664204 -0.700457 0.323087 -0.661481 0.829307 -0.580798 -0.712376 -0.574234 -0.160267 -0.764559 0.269892 0.431141 -0.478243 
-0.926339 0.00331245 -0.815047 -0.0132207 -0.215337 0.586782 0.0570671 -0.253546 -0.451493 0.13601 0.641844 -0.497129 0.245739 0.286792 0.317142 0.670586 -0.463388 0.255052 0.498436 0.192248 -0.797545 0.419189 -0.135251 0.325654 -0.141986 -0.231225 -0.612563 -0.0277189 -0.415994 0.147738 
0.435887 -0.499369 0.435168 -0.497508 -0.283515 -0.224404 0.836087 -0.0318946 -0.730168 0.162541 0.0122107 0.0976422 0.103176 0.115989 -0.76274 -0.575617 -0.74278 -0.578833 0.317843 -0.262252 -0.348556 0.54243 -0.835051 -0.655171 0.62237 -0.569979 -0.645174 -0.378305 0.426003 0.896876 
0.326505 -0.0373704 -0.488511 -0.172939 0.479559 -0.387776 -0.578113 -0.528012 -0.743951 -0.658453 -0.396689 -0.505636 -0.305759 0.876595 0.65308 0.378787 -0.342873 -0.72545 0.438819 -0.130572 -0.602328 -0.493691 -0.00575021 -0.622283 -0.0340986 -0.0497376 -0.336757 0.856922 -0.781932 0.708161 
-0.705887 -0.705744 -0.375329 -0.792363 0.89356 -0.151119 -0.0504944 0.567057 -0.626413 0.741174 0.348818 -0.559472 0.465448 0.438314 -0.736525 0.71064 0.0165661 0.326374 -0.114023 0.514914 -0.417836 -0.125755 0.489861 0.622258 0.296538 -0.0584216 -0.591184 0.150716 0.693929 -0.450501 
-0.689162 0.519701 0.29656 0.522248 -0.678422 -0.690495 -0.453618 -0.275903 -0.410599 0.62795 0.068378 0.430747 0.893755 0.638828 -0.393036 0.293444 0.193286 -0.0870522 -0.268559 0.506844 0.598527 -0.832306 -0.138933 0.0148839 0.744599 -0.680328 0.0315262 -0.443809 -0.151637 -0.804874 
0.00803019 0.430353 0.119766 -0.654147 0.0588272 -0.219944 0.745735 0.750436 0.573137 -0.366884 0.250514 0.84314 -0.892293 -0.978205 -0.108824 0.265247 0.0316846 -0.704592 -0.0562749 -0.284842 0.00926746 0.307699 0.711539 0.372844 -0.120732 -0.100505 0.855951 0.0113622 -0.145179 -0.416117 
0.105372 -0.332632 -0.758992 0.836911 0.326245 -0.0405735 -0.402774 -0.670232 -0.611651 -0.492777 0.427402 0.775755 -0.793797 -0.475917 -0.463997 -0.151486 0.508178 0.160775 -0.800435 0.0116365 -0.251941 0.854311 -0.0401187 0.902614 0.251648 0.829404 0.00233179 -0.811397 0.296877 -0.48174 
0.909267 -0.230464 -0.248207 -0.353945 -0.281319 0.23004 0.357321 0.789263 -0.30472 -0.358474 0.226154 0.41131 -0.729488 0.574486 -0.81884 0.31449 -0.535061 -0.648051 0.327667 0.552489 0.75401 -0.561525 -0.0106253 0.706323 -0.681133 0.0473099 0.0885117 -0.740496 -0.342108 0.626088 
-0.782278 -0.183052 -0.89569 -0.85466 0.193342 0.42593 -0.0662174 -0.240373 -0.5488 0.638306 -0.0827511 -0.491342 -0.261332 -0.10673 0.475062 -0.529694 -0.0267228 0.420314 0.873344 -0.370431 -0.338535 -0.704275 -0.433908 0.260549 0.261131 0.184332 -0.461163 0.264621 0.422991 0.05006 
0.77575 0.825511 -0.270786 0.381339 -0.828312 -0.860714 0.821326 0.28083 -0.737895 0.69053 -0.147533 0.192405 -0.5737 -0.203188 0.273695 0.835999 -0.202425 -0.813275 -0.185431 0.42226 -0.716801 -0.877189 0.390525 -0.310902 -0.842155 -0.479632 0.813619 0.211874 -0.531124 -0.590235 
0.129763 -0.129754 -0.569175 -0.0419094 0.74018 -0.318136 0.551509 -0.769296 0.384992 -0.779073 0.0200677 0.194364 -0.1917 -0.425344 0.546584 -0.543751 0.140941 0.55408 0.669184 0.407605 0.242835 0.369654 0.450509 -0.670694 0.563718 0.483259 0.622767 0.773792 -0.840541 0.166151 
-0.269469 -0.665335 0.363778 -0.501255 0.64226 0.173548 0.462145 -0.81757 0.438279 0.631788 0.438039 0.405272 -0.345396 -0.621442 -0.553162 0.210197 0.275391 -0.192633 -0.00380832 0.77033 -0.0988293 -0.306479 0.0771914 0.516137 0.394685 -0.401681 -0.634854 -0.22636 0.0491568 0.718422 
0.294532 -0.741673 0.254423 0.128282 -0.394838 0.635474 0.438286 0.396333 -0.553931 -0.00324201 0.410942 -0.818319 -0.628194 0.677364 0.833734 -0.214981 0.0757407 -0.819971 0.509593 0.648572 -0.200273 0.0517026 -0.219263 0.903504 -0.506085 -0.796604 -0.537875 -0.175951 -0.156858 -0.716637 
0.579852 -0.49495 -0.659665 0.661567 0.60705 0.259838 0.476021 0.876923 0.741927 0.511757 0.00849902 0.558218 -0.801011 -0.456699 0.295286 0.488643 0.366045 0.439538 0.118593 -0.191694 -0.539961 -0.431197 -0.103728 -0.695687 0.0515721 0.755158 -0.516819 -0.253055 0.222772 -0.0710113 
0.472748 0.787842 0.389622 0.440841 0.863895 0.255786 0.440185 0.693955 0.296926 0.655862 0.0141636 0.785413 -0.112492 -0.766538 -0.431741 -0.846058 -0.569579 0.176549 0.702144 0.265391 0.528311 -0.771191 -0.87506 -0.673195 0.678243 -0.500675 0.205964 -0.367706 -0.235506 0.392789 
-0.3959 0.507043 -0.253025 -0.787867 0.663933 0.36385 -0.511952 -0.571698 0.523021 0.365541 0.753152 0.334099 -0.0261409 0.362189 0.271196 -0.337894 0.71179 0.387559 0.109722 -0.335965 -0.0725395 -0.772499 -0.0683982 -0.387923 0.211999 -0.852301 0.0239802 -0.120181 0.325377 0.11669 
0.670507 -0.153922 0.40235 0.707279 -0.32493 0.318202 -0.407525 -0.287545 -0.255049 -0.280493 -0.615381 -0.463129 -0.740569 0.657623 0.851597 0.528808 -0.326985 -0.098976 0.483475 -0.471595 0.357396 -0.629106 -0.212112 0.440916 -0.548168 0.248344 -0.803726 0.494123 -0.672859 -0.677107 
0.161713 0.578501 -0.437073 0.658496 -0.831972 -0.679512 -0.000405514 0.239413 0.708274 -0.524683 0.00143089 -0.421903 -0.00386075 0.612684 0.19912 0.695965 0.686347 -0.81997 -0.375256 0.310555 0.640492 0.420155 -0.877347 -0.0141931 -0.193841 0.264137 -0.627484 -0.570917 0.782772 -0.718516 
0.698635 0.0129197 0.18868 0.0898213 0.528599 0.43587 -0.176485 -0.504515 -0.376635 0.0447198 0.151001 -0.936058 0.765309 0.798083 -0.872119 -0.803984 -0.739448 -0.765767 0.557838 0.340214 0.107028 -0.0536267 0.116944 -0.873058 -0.326622 0.660298 0.274844 0.562315 0.608712 -0.294492 
0.569407 0.0357003 0.0253 0.118599 0.669901 -0.436614 0.475301 0.73565 -0.392066 -0.276131 -0.83812 0.908862 -0.304443 -0.0868163 -0.427783 0.00752521 0.674853 0.0910704 0.17791 -0.766512 0.630927 -0.418624 -0.27488 -0.458281 0.83978 0.20677 -0.30615 0.19832 -0.55211 0.101815 
-0.624138 0.00848855 -0.795601 0.144246 -0.227418 0.355171 0.882518 0.324184 0.274871 -0.137208 0.50552 0.500257 0.43327 0.202942 0.308341 -0.220409 0.0967237 0.454236 0.289494 -0.52623 0.881489 0.370627 -0.183141 -0.195149 -0.276114 0.723548 0.347697 -0.854461 0.127828 -0.470779 
0.112028 0.245293 -0.238524 0.05259 0.250138 -0.502743 0.353673 -0.24715 0.265167 0.107775 0.261214 0.504314 0.570022 0.293157 -0.746022 -0.424995 -0.327836 0.0380031 -0.17648 -0.79185 -0.081735 -0.57469 -0.131549 0.430387 -0.749987 0.534458 0.384622 -0.479609 0.0195465 0.526414 
0.645565 0.35594 0.689282 -0.301935 0.619482 -0.338236 -0.219537 -0.818084 0.500559 0.735886 -0.547702 0.452793 -0.487548 -0.0564222 0.287376 -0.023483 0.233697 0.479937 0.649396 -0.66169 -0.383545 0.479049 0.552136 0.366446 0.771628 -0.497544 -0.624613 0.103025 -0.560483 -0.254497 
0.183893 -0.673843 -0.330799 0.243694 0.139843 0.485783 -0.803948 -0.845162 -0.701027 0.0662959 0.565902 -0.836637 0.799116 0.0942261 -0.151047 -0.475173 0.16121 -0.745864 0.0458846 0.794186 0.660872 0.418335 -0.866378 0.679829 0.0615117 0.14466 0.622707 -0.574667 0.0772232 -0.0425735 
0.358057 -0.663369 0.0189916 0.341281 0.810964 -0.477174 0.286439 -0.783003 -0.928856 0.238825 -0.783956 0.5298 0.00650929 -0.241942 -0.00363699 0.576876 0.797402 -0.513842 0.172936 0.58012 -0.468673 0.117943 0.131228 -0.471947 -0.576031 0.0252382 0.436304 -0.648566 -0.376401 0.730408 
0.0820809 -0.846239 0.471579 -0.770644 -0.722904 -0.452164 0.552146 0.334335 -0.484964 -0.831974 0.32084 0.250101 0.437896 -0.473768 0.545033 -0.855395 0.290345 -0.512854 -0.387257 -0.462268 0.883374 0.0488639 -0.36 0.365597 0.530977 -0.467395 -0.403986 -0.773309 -0.650221 0.264642 
0.0123963 -0.871168 0.68097 0.729053 -0.382471 0.574354 -0.342324 0.160097 -0.496015 0.372357 0.776545 0.509871 0.22926 0.851411 0.177229 0.864475 0.494326 0.527016 -0.346805 -0.165854 0.104267 -0.0784278 0.254289 0.608205 0.475796 0.746736 0.689472 0.304204 0.587019 -0.566506 
0.709759 -0.86578 0.50646 -0.542415 0.133834 0.430842 -0.0305222 0.0569999 -0.608477 -0.0413162 0.116182 0.260762 0.634329 -0.214693 -0.110513 -0.96477 -0.0784414 0.744367 0.373977 0.244728 0.514914 0.695693 0.407969 -0.493418 0.441024 -0.0539042 -0.487355 0.537115 0.570457 -0.161476 
0.200188 -0.0829653 0.708887 -0.162294 -0.563432 0.428109 -0.35452 -0.708431 0.420747 -0.353 -0.772661 0.659846 -0.83383 -0.85671 -0.440212 -0.0373046 -0.369866 0.843185 0.240563 -0.718429 0.842912 -0.716042 -0.876026 -0.192538 -0.209163 -0.288794 -0.197106 -0.256411 0.440161 -0.111431 
-0.539518 0.160959 -0.244077 -0.346553 0.557652 0.462826 0.597685 -0.916232 0.187746 0.344606 -0.0442541 -0.117178 -0.312643 0.746586 0.771459 0.414762 -0.381235 -0.111789 0.763559 0.489775 0.724302 -0.660562 -0.18111 -0.649761 0.705648 0.507301 -0.539152 0.656937 0.610637 -0.273039 
0.241921 0.684463 -0.453571 -0.655 -0.558185 0.734897 -0.661132 0.749152 -0.534414 0.594231 0.214581 -0.552965 0.0278443 0.83874 -0.393971 0.0684747 -0.333565 -0.695233 -0.265848 0.189707 -0.476517 -0.509067 0.427654 0.51892 0.851587 0.325629 0.37432 0.247399 0.346821 -0.484831 
0.656458 0.806431 -0.0208327 -0.692419 0.414803 -0.44117 -0.889911 0.609938 0.0621448 -0.313461 0.328464 0.114993 0.673777 -0.152368 -0.668261 -0.739703 -0.313072 0.657283 0.70453 0.770548 -0.752437 -0.48933 0.955501 -0.431583 -0.350289 -0.475306 -0.825633 -0.0954933 0.223251 0.335383 
0.274792 -0.15411 0.886909 0.20756 0.50065 -0.512524 0.404004 0.197791 -0.731033 0.153082 -0.169638 0.858379 0.505666 -0.379603 -0.11077 -0.0792404 -0.734422 0.181832 0.482729 -0.342842 -0.591597 -0.356801 -0.0783505 -0.0360424 0.296529 -0.752849 0.767502 -0.475887 -0.566057 -0.090916 
0.218164 -0.577804 -0.62659 0.206061 -0.519233 0.292212 0.457098 -0.0712881 0.72305 0.077383 -0.582828 0.17294 0.46119 0.378682 0.259985 -0.0627763 -0.210121 0.139711 -0.309301 -0.595245 -0.227913 -0.801846 0.029735 0.149265 0.126405 -0.121122 0.51768 -0.0772545 0.403392 0.191596 
-0.13016 0.620061 0.565774 0.732529 -0.0922107 -0.616398 0.202812 -0.420495 0.708496 -0.816058 0.889839 -0.854469 0.113242 0.462124 0.104899 0.368317 -0.175061 0.747028 -0.211255 0.509448 -0.602844 0.878202 -0.663312 0.215948 -0.133894 -0.716585 -0.343984 -0.813729 0.74079 -0.450716 
0.568729 -0.550691 0.0880998 0.11364 0.660224 0.606417 -0.741536 -0.846445 -0.668244 0.71559 -0.0390903 0.367584 0.453049 0.823702 0.221939 0.721981 0.501946 -0.529851 0.760833 0.847957 -0.0721048 0.564947 -0.0195628 0.0452549 -0.631845 -0.522533 0.822783 -0.0811422 0.49386 -0.630102 

