0.0205717 0.750414 0.714296 0.109975 0.44195 0.0956119 0.0643593 -0.551947 -0.578768 -0.650069 
0.602531 0.321664 0.322486 -0.682109 -0.267992 0.26731 -0.124342 -0.770142 0.110878 0.303046 
0.129635 -0.430804 -0.0829204 0.844301 0.59009 -0.828655 -0.23205 -0.249124 0.472007 -0.491453 
-0.588963 -0.700648 0.73078 0.356911 0.41367 0.776384 -0.375911 0.356759 0.457973 -0.825301 
-0.294746 0.880299 -0.0722991 0.13988 -0.812986 0.819593 0.842585 -0.548244 0.770312 0.705455 
0.218815 -0.850039 0.631197 -0.277887 -0.157913 -0.875915 0.311188 -0.00779654 0.0172908 -0.344472 
0.330604 0.463649 -0.43001 -0.119145 -0.596255 -0.46872 -0.133632 -0.579711 0.653484 0.325627 
0.531664 0.467217 -0.326503 0.793651 0.528014 -0.723946 0.819591 0.831939 -0.725429 -0.748185 
0.871355 -0.00273794 0.737093 -0.644216 -0.748569 -0.233151 0.687829 0.875898 -0.228438 -0.716539 
0.191802 0.681944 -0.286243 0.00046011 0.469884 0.0483341 -0.359017 -0.263356 -0.648667 -0.694993 
-0.00650115 0.750416 0.189483 -0.19842 0.00674315 0.20335 0.646551 -0.374318 0.35968 0.428435 
-0.62983 0.632006 0.192837 0.595893 -0.377346 -0.733874 -0.743979 0.580071 0.830835 0.752829 
0.816056 -0.0947202 -0.172618 0.0538936 -0.162481 0.799422 -0.871449 0.39379 -0.327993 0.566092 
0.18586 0.71562 0.540592 0.72218 0.371867 0.765984 0.524045 -0.884528 0.653513 0.283167 
0.0647394 -0.886968 -0.378966 -0.190182 0.03967 0.40112 0.481824 -0.0338781 -0.167095 -0.424375 
-0.666882 -0.0396151 -0.00107799 -0.217476 0.421067 0.0810853 0.70041 -0.397567 -0.318401 -0.0257472 
-0.488674 -0.432504 -0.354365 0.422113 0.762934 0.378449 0.495471 -0.163259 -0.77993 -0.791855 
0.769186 0.671429 0.201781 -0.085681 -0.0844466 -0.466182 0.502054 -0.25989 0.461876 -0.181235 
-0.749107 -0.560464 0.361661 0.233642 -0.354249 -0.0866002 -0.595927 0.142206 -0.378959 -0.430748 
-0.767594 0.425989 0.398689 -0.440001 -0.428186 -0.401973 0.819271 -0.0534932 0.386082 0.239321 

