0.55409 0.231801 -0.0139076 -0.405568 0.633163 -0.394651 -0.803143 0.770253 -0.889322 -0.126001 0.114169 0.337612 0.58171 -0.238916 -0.141394 0.498099 -0.00232999 -0.704565 0.175406 0.651829 
0.613597 -0.419284 -0.430208 0.361421 0.364965 -0.638815 0.746365 -0.726883 0.445059 0.265956 0.202929 0.284242 -0.183828 0.689834 -0.661967 -0.401667 0.124578 0.361839 -0.275796 -0.0211118 
-0.900081 -0.775588 0.273284 -0.568314 0.137455 -0.790355 -0.540014 -0.596438 0.0415887 -0.300554 0.0857022 -0.165916 -0.775087 -0.669711 -0.000697736 -0.152051 -0.399933 -0.380468 0.315305 -0.552054 
0.394664 -0.268645 -0.544006 -0.45513 0.0605507 -0.620219 0.466434 0.557893 -0.694592 0.185096 0.765233 0.813188 0.351371 -0.0876636 -0.20538 -0.499978 -0.353457 0.0236906 -0.40768 0.875082 
0.869 -0.581514 0.362142 0.124524 0.0992102 0.363106 0.731687 -0.367691 -0.137128 0.650384 0.0973669 -0.859024 -0.568494 0.626477 0.266669 0.823546 -0.111953 0.700919 0.386359 0.751755 
0.213632 -0.592352 0.676184 -0.0601081 -0.601859 -0.0308639 -0.21821 -0.3398 0.821164 -0.522128 -0.0313061 -0.854422 0.573966 0.290533 0.488123 0.771855 -0.802958 -0.701752 -0.884148 0.879101 
-0.628981 -0.0889924 -0.463801 0.714166 -0.278002 -0.352327 0.134116 0.286549 -0.13582 -0.227344 -0.379747 0.134867 -0.466074 -0.0254979 -0.593168 0.796436 0.0025642 0.029512 0.513144 -0.26705 
-0.641671 0.0819869 -0.50946 -0.344305 -0.316507 0.838877 -0.334553 -0.314704 0.123094 0.681783 0.189415 -0.514118 -0.561125 -0.590855 0.262428 -0.173358 0.595733 -0.843942 0.215807 0.447554 
-0.19664 -0.375282 -0.0612105 0.873663 0.435791 0.422579 -0.305854 -0.423381 -0.716938 0.654929 0.311381 0.819252 -0.254593 0.542216 -0.191415 -0.880856 0.237356 -0.0893664 -0.735299 -0.302 
-0.136379 0.455731 0.770699 -0.198153 0.768977 0.50496 0.108039 0.0722989 0.57362 -0.61591 -0.637714 0.869506 0.156269 0.0279635 0.54185 0.137641 -0.32779 0.513303 0.0612304 -0.277421 
-0.068964 0.791622 0.480687 0.400229 -0.177791 -0.67135 -0.658284 0.453415 0.904909 -0.724769 0.738591 -0.9083 0.268949 -0.46579 -0.762701 -0.682017 0.0174414 -0.370812 -0.393294 0.809953 
0.627683 -0.0736187 -0.0151106 -0.0305056 0.584147 0.016262 0.165833 -0.576015 -0.11888 -0.29391 0.777835 -0.0423255 0.679983 0.0485268 0.78353 0.81331 0.834773 -0.48395 0.55194 0.143125 
-0.292797 0.708175 0.852404 -0.802258 0.66331 -0.209786 0.130453 0.486237 0.604112 -0.509327 -0.482629 0.0941518 -0.887998 0.623022 0.619285 -0.308848 -0.558242 -0.37451 0.675848 0.135057 
-0.706109 -0.50565 0.064617 -0.651467 0.632749 0.396873 0.000599158 0.0124475 -0.0797964 0.226444 0.585287 0.236789 -0.383527 0.223716 -0.0529737 0.640323 -0.212186 0.407493 -0.0127628 0.68431 
-0.013709 0.63312 -0.428598 -0.712441 0.0325407 0.497935 -0.198127 -0.376802 -0.36784 -0.243569 0.730891 0.0701019 -0.834979 0.682038 -0.566091 0.120463 0.0922272 -0.829049 0.252476 0.7739 
-0.100824 -0.725923 0.302552 0.759591 -0.376727 0.650288 0.595192 -0.365416 0.0786356 0.0182117 0.28393 -0.265359 -0.223391 -0.178556 -0.296873 -0.546947 -0.765695 0.00630601 0.281087 -0.706922 
-0.659184 -0.593427 -0.863711 -0.702065 0.0869652 0.462775 0.788218 0.238213 0.458422 -0.778924 -0.603706 0.565003 0.650721 0.274678 0.496512 -0.20214 -0.0836971 0.804883 0.495229 -0.650097 
-0.715875 0.806974 -0.242286 0.778064 -0.54842 -0.0134552 -0.452631 -0.397306 -0.0353428 -0.109712 -0.697524 -0.244079 -0.387239 0.078222 0.853102 0.814188 -0.849997 -0.684612 -0.824852 0.128149 
-0.747912 0.0921622 -0.773371 0.811049 0.17182 0.378672 -0.790752 0.829262 -0.308273 -0.371269 0.663072 -0.286265 0.25219 -0.336633 0.189587 0.463216 -0.848431 -0.740734 -0.446329 0.506909 
-0.726658 -0.643811 -0.510404 0.248778 0.418243 0.570459 0.21039 -0.552858 0.0740388 0.25166 0.244492 0.343795 0.131452 0.204914 -0.518001 -0.717929 -0.550208 -0.262839 -0.175776 -0.0374193 
-0.558096 -0.0626165 -0.633365 -0.307895 -0.262103 -0.550607 0.39474 0.263934 -0.186895 0.225818 0.430264 0.641218 0.665551 0.674384 -0.807359 -0.390836 -0.159058 -0.528496 0.326239 -0.528118 
0.185367 -0.252332 -0.476299 0.155073 0.72746 0.610314 0.793222 0.783018 -0.000805451 0.0347835 0.567588 -0.120953 0.814609 0.356972 -0.564145 -0.621076 -0.757863 -0.78622 -0.703984 -0.278269 
-0.790357 0.313692 0.469025 0.702286 -0.846907 -0.584958 0.0222377 0.618654 -0.288975 0.806881 0.336093 -0.700598 -0.637994 -0.658962 0.479434 -0.789065 0.517638 -0.735902 0.471634 -0.252676 
-0.369081 0.754731 0.431676 0.58544 -0.643498 0.787003 0.116106 0.154814 0.186018 0.303697 -0.249559 -0.795868 -0.389309 0.598203 -0.842661 -0.0650779 0.0214293 -0.307666 -0.0715077 -0.775513 
-0.66926 0.113756 0.107143 -0.139092 0.402643 -0.689505 -0.751498 -0.877457 0.541883 -0.37387 -0.184565 0.882125 -0.206735 0.542262 -0.209565 0.822856 -0.313867 -0.212434 0.34994 -0.370923 
0.00764455 0.366945 0.617708 -0.824712 0.890226 0.756956 -0.0335904 0.682946 0.428367 -0.446032 0.065277 -0.437586 0.087846 0.725645 -0.410577 -0.0193824 0.562888 -0.139263 -0.140314 0.318404 
-0.759519 0.303604 0.545614 0.381185 -0.426045 0.302817 -0.711164 -0.678155 -0.166989 0.0716385 0.427838 -0.690198 0.833032 0.130889 -0.00328272 -0.251651 0.804517 0.800667 0.11658 0.861069 
0.22431 0.617757 -0.464807 -0.223133 0.354991 -0.616596 0.00379552 0.0627965 -0.834516 0.875457 0.184208 -0.175886 -0.154843 -0.180813 -0.608385 0.58548 0.446125 -0.813906 -0.591121 0.558786 
-0.7581 0.65605 0.303424 -0.598702 0.197981 -0.656338 -0.142526 -0.691145 -0.502838 -0.139115 -0.583952 -0.259772 0.436066 -0.504484 -0.387329 -0.016286 0.625195 -0.121163 -0.557666 -0.475826 
-0.223768 -0.33034 -0.728272 -0.0987104 -0.45927 -0.495094 0.164729 0.173848 -0.840345 0.510493 -0.489449 -0.742039 0.0663696 -0.145543 0.776537 -0.74618 -0.483627 -0.617606 0.0438237 0.0487096 

