0.858302 -0.275994 -0.0413809 -0.447777 -0.304987 0.379081 -0.260781 0.11028 0.579837 0.670761 -0.670394 -0.443374 -0.400364 0.638192 -0.292359 0.384443 0.274651 -0.0903578 0.148082 0.477528 0.14116 -0.143144 0.708496 0.456808 0.842595 -0.119086 -0.12528 -0.626948 0.810552 0.612572 0.22151 0.420727 -0.443356 0.171054 -0.00959554 0.843687 -0.773584 0.188792 0.72587 0.78678 -0.757898 -0.226082 0.56902 0.392929 0.233237 0.493755 0.63881 -0.794881 0.824844 0.745082 
0.58138 -0.383137 -0.129735 0.816077 0.308162 0.58126 -0.541714 0.891326 0.304816 -0.148235 -0.445073 0.162487 -0.389589 0.83092 -0.52417 -0.4881 -0.768806 -0.265604 0.655239 0.234611 0.345992 0.451791 0.58105 -0.535589 -0.872479 -0.232919 0.251118 0.422763 0.280977 0.0969679 -0.321668 -0.0736534 0.531294 0.371477 0.0707158 -0.457743 0.237604 -0.0116612 0.849357 0.0171397 0.540179 -0.123655 -0.671091 0.0703795 -0.621312 0.0991234 0.797949 -0.0714041 0.210159 0.522038 
-0.364797 0.823738 -0.553521 0.347092 -0.724645 0.0405604 0.347247 -0.18267 0.864276 0.377757 -0.0542391 -0.130255 -0.176172 -0.0363949 0.791494 0.787379 0.160043 -0.0584715 -0.0322543 0.517572 -0.290771 0.280682 0.515195 0.0274593 0.0684422 0.000809286 -0.576485 -0.0864344 -0.408541 -0.541647 -0.820403 -0.104765 0.681383 0.554758 0.724855 -0.0706963 0.206525 0.000568982 0.847841 -0.768028 -0.824684 -0.147039 0.291427 -0.62677 -0.258718 0.776776 0.692254 -0.0647725 0.231203 -0.367092 
-0.329809 -0.567527 0.764887 -0.376851 0.460241 0.157943 -0.649798 -0.434352 -0.631158 0.815404 0.819541 0.434263 -0.404205 0.223386 0.544228 -0.419253 0.518401 0.761572 0.148722 -0.85109 0.561409 0.800735 -0.0533866 -0.330733 0.589073 -0.594382 -0.225814 0.646803 -0.195642 -0.883753 -0.652109 0.88831 0.631257 0.177867 -0.459019 0.0602229 0.287259 -0.156837 -0.44618 -0.499959 0.0915072 -0.73549 0.471997 -0.288921 -0.159419 -0.0601077 0.545026 0.3308 0.850899 0.45331 
-0.0710598 -0.433851 0.565851 0.621071 -0.486729 -0.210519 -0.0271862 -0.170473 0.128046 0.443589 0.0606065 0.535145 -0.143842 0.300948 0.176915 0.203571 0.173167 -0.25025 0.816507 0.854107 0.192698 -0.878468 -0.201189 -0.686868 -0.257532 -0.488637 -0.66142 0.717318 -0.788511 -0.380159 0.745838 -0.338114 -0.724983 -0.731765 0.632631 0.336602 -0.272638 -0.890084 0.509102 0.427628 0.613379 0.642221 0.309826 0.270845 0.383308 0.51145 0.890551 -0.218699 -0.0873813 -0.777699 
0.839172 -0.797586 0.81463 0.89904 0.229555 -0.35871 0.48076 -0.509494 0.60508 0.45409 -0.0472987 -0.296746 -0.325315 -0.807695 0.609523 -0.156866 0.013543 -0.811191 -0.307224 -0.65516 -0.58665 -0.26022 -0.0853889 -0.714523 -0.67086 -0.514739 -0.0589556 -0.270408 -0.884205 0.859686 0.122535 0.546222 0.396353 -0.175987 0.727648 -0.636734 0.808799 -0.41779 0.284094 0.700343 0.10785 -0.505181 -0.420891 0.0141968 -0.763735 0.68697 -0.264962 -0.00360054 0.011121 -0.134671 
-0.182179 0.511483 0.0162454 0.891551 -0.314523 -0.666882 0.475519 -0.877638 -0.585928 0.0447175 -0.456528 0.621502 0.0436837 0.673374 -0.0221485 -0.19296 -0.422605 0.710999 -0.282638 0.316544 -0.430983 0.0150065 -0.810116 0.696817 -0.750902 0.858472 -0.521559 -0.894453 0.389811 -0.428624 -0.183899 -0.724386 -0.460941 0.748361 -0.893624 -0.0515561 0.185798 -0.015531 -0.820187 0.884648 -0.396971 -0.770456 -0.291587 -0.688887 -0.160839 -0.537076 -0.68335 -0.649181 -0.790575 -0.211466 
0.506528 0.552762 -0.192984 0.710816 0.798217 -0.206801 0.66402 -0.149273 -0.473775 0.250622 -0.0129791 0.255344 0.148544 0.260887 0.477077 0.534031 -0.0279458 -0.402302 -0.603703 0.381393 0.523461 0.207303 0.289873 -0.347127 0.679862 -0.671433 -0.475202 -0.776814 0.6869 -0.0492569 0.830246 -0.273932 0.65922 -0.172453 -0.237602 0.397222 0.350426 0.65986 -0.106831 -0.324198 0.758455 0.261849 -0.7436 -0.808795 0.302907 0.483292 0.117659 -0.0634757 -0.900768 0.310524 
0.502417 0.160094 0.234844 -0.187571 -0.51408 -0.000553802 -0.511833 -0.739829 -0.227172 -0.669279 -0.245486 -0.0660699 -0.459813 0.16418 0.769599 -0.57784 -0.0456506 -0.646066 -0.358526 -0.411733 0.118829 0.123494 0.691886 0.0709378 0.72925 -0.121652 -0.109797 -0.34627 0.580913 0.778691 -0.254886 -0.0479767 -0.113449 -0.219538 -0.0253909 -0.77236 -0.523723 -0.587289 -0.67667 -0.166018 0.627473 0.286385 0.346252 0.381044 0.412601 0.226618 0.281353 0.256824 0.530498 -0.897305 
0.2811 0.535187 0.511822 0.726824 -0.646719 -0.574686 -0.30849 -0.478484 -0.439375 0.558588 0.379015 0.1642 0.841928 -0.0826765 -0.603876 -0.821998 -0.5346 -0.136817 -0.688888 -0.411476 -0.207186 -0.167009 -0.540544 0.822119 0.489546 0.69566 -0.140087 -0.491017 0.432506 0.525836 0.314228 0.0476868 0.0338745 0.223837 -0.0102542 0.0398748 0.128357 0.0570934 0.755938 0.272036 -0.799561 0.450945 0.162191 -0.113744 -0.586559 0.347123 0.0342217 -0.587399 0.680635 0.0167311 
-0.425409 0.755886 0.0663981 0.556492 0.736294 0.443027 -0.506167 -0.133376 -0.835832 0.858552 -0.726682 -0.139399 0.638348 -0.299529 -0.141297 0.0891724 -0.442767 -0.539376 0.309799 -0.140697 -0.182715 -0.257125 -0.0920089 0.665499 0.113953 -0.0149062 0.645766 -0.877734 -0.607461 0.38364 -0.315771 0.316041 -0.596539 -0.587867 -0.0700918 0.174838 -0.33649 0.179513 0.557303 -0.0655801 0.657051 0.630679 0.329207 0.70466 -0.888476 -0.0838469 0.552463 -0.587135 -0.150522 0.044153 
0.573732 0.5569 0.355149 0.8299 0.123246 -0.472095 -0.228889 0.293555 0.241478 0.0617044 -0.867257 -0.690192 -0.0105793 0.707506 0.536243 -0.250914 0.621683 -0.0458389 -0.673285 -0.300594 -0.867005 -0.139284 -0.241904 0.0935169 -0.0487744 0.254898 -0.794259 0.255893 0.427767 -0.520635 0.19212 -0.405805 0.329916 -0.821544 0.253802 0.250736 -0.646935 0.179231 0.0390617 0.101523 0.172333 -0.343899 -0.103008 -0.855324 0.0891428 -0.864084 -0.565617 -0.785743 -0.477946 -0.126705 
0.50267 -0.539952 -0.15569 -0.387248 -0.165077 0.0702915 0.609489 0.819755 -0.578802 -0.451571 0.39139 -0.513482 0.734201 0.494014 -0.6995 0.600223 -0.665825 -0.849439 -0.757945 -0.515264 0.363939 -0.485143 -0.722281 0.404598 -0.0571317 -0.295949 0.839774 0.281783 0.486274 -0.643609 0.236769 0.252713 0.623925 -0.732183 0.547962 0.747511 -0.552351 0.540522 -0.183199 -0.346547 0.180515 -0.638536 -0.0604449 -0.465234 -0.671347 0.408819 0.244275 0.209637 -0.14933 -0.88963 
0.296415 -0.244727 -0.61102 0.734279 -0.799075 -0.0566217 -0.617208 0.355177 0.335659 -0.451991 0.235991 0.445313 0.899921 -0.410643 -0.00736977 0.648574 -0.165042 0.647488 0.182598 0.511762 -0.865347 0.16185 0.690689 -0.447516 -0.532431 0.0292052 -0.0742442 -0.471095 -0.722336 0.834743 0.127683 -0.877084 -0.0534966 0.303828 -0.0804744 0.168127 0.191972 0.0452496 -0.162472 0.628797 -0.454883 0.834746 0.227759 -0.471905 -0.273722 -0.389619 0.498285 0.878024 -0.45614 0.15999 
0.585044 0.847967 -0.877412 0.625301 -0.38823 -0.0701266 0.0500767 -0.876951 0.241792 -0.380531 0.131072 0.798831 0.202443 0.599523 -0.84809 -0.685011 -0.118119 0.861883 0.872421 0.850469 0.655156 -0.250054 -0.635438 -0.626669 -0.0489264 -0.826861 0.828303 0.112872 -0.736603 -0.109833 0.310646 0.784421 -0.641685 -0.596403 -0.172728 0.881215 -0.520486 -0.501431 -0.662797 0.0463203 0.590654 -0.421483 0.421734 0.150928 -0.128993 -0.0600412 0.18545 -0.39745 -0.782284 0.14354 
0.331932 -0.854723 0.373185 -0.110697 -0.136646 0.633284 -0.179252 -0.710417 0.633964 0.318931 -0.0182874 -0.540844 -0.857511 -0.0500164 0.264631 -0.135842 -0.236173 -0.624095 -0.878373 -0.511111 -0.261174 -0.683042 -0.154109 -0.756116 -0.576421 -0.70705 0.687585 0.595062 -0.525029 -0.43488 -0.506602 0.237817 0.781142 0.735361 0.604817 -0.0455752 0.14282 -0.50692 -0.442276 -0.77458 -0.662978 -0.143759 0.246807 -0.849927 -0.694023 -0.0707242 -0.437576 -0.281111 0.589157 0.0102283 
0.0616145 -0.77704 -0.275997 0.867868 -0.787299 -0.771757 0.134826 0.418257 -0.525768 0.694733 -0.77173 -0.697768 -0.743462 0.532439 -0.595986 -0.488753 0.580481 0.198887 0.731754 -0.14079 0.346452 -0.711918 0.237181 -0.308299 -0.155628 -0.511194 -0.289775 0.65154 -0.888731 -0.0238831 0.302148 -0.286037 0.212893 0.114754 0.726813 0.458518 -0.405005 -0.560117 0.727226 -0.801306 -0.4718 0.638529 0.163239 0.550542 0.57246 0.159602 0.865364 0.0983072 -0.301366 -0.546959 
0.607521 -0.579578 -0.848425 0.450992 0.0245839 -0.798123 -0.0790695 -0.379745 -0.500315 -0.688262 0.825105 -0.783904 0.669242 0.871498 -0.259087 0.120567 -0.453231 -0.429775 0.397442 0.83445 -0.412514 0.219201 -0.596242 -0.704649 -0.185669 0.749749 0.311186 -0.341898 0.330628 0.660176 0.815439 -0.734406 -0.449779 -0.660234 -0.0339879 -0.369276 0.752974 -0.452197 0.609012 0.337397 -0.0333428 -0.160521 -0.639293 -0.567801 0.657171 0.723538 -0.610044 -0.22996 -0.345805 0.229093 
-0.634654 -0.78536 -0.815712 0.0882263 0.517036 0.486223 -0.480101 -0.586779 0.501269 -0.497389 -0.081679 -0.119502 -0.427116 0.557333 0.622472 0.756569 0.679998 0.764218 0.330331 -0.225479 0.530864 0.2966 -0.875286 0.0251504 0.678557 0.474367 -0.0843588 -0.0760019 0.0477555 -0.445215 -0.732572 0.316434 0.543548 -0.092049 0.379589 0.647837 -0.282554 0.74626 0.106697 0.412361 -0.689202 -0.576107 -0.257905 0.325872 -0.770536 0.0846601 -0.636059 0.025326 -0.486846 0.0803329 
-0.879085 0.120174 0.285206 -0.116859 0.417424 0.863823 0.0406688 -0.624936 0.72659 -0.392494 0.499701 -0.269786 -0.315071 0.0561459 0.247762 -0.0343502 -0.320658 0.00863514 -0.863352 -0.264111 0.630474 0.186404 -0.469547 0.812285 0.182184 0.0214507 0.410056 0.727954 0.791655 0.15532 -0.149017 0.864783 -0.378088 0.897877 -0.744067 0.354504 -0.179468 -0.081616 0.800948 -0.32055 0.834381 -0.682953 0.0453656 -0.705219 0.794023 -0.667824 -0.590732 0.666416 -0.68207 -0.420804 
0.439481 0.690486 0.456899 0.363807 -0.0718115 0.725501 -0.00924001 0.125907 -0.101504 -0.0345738 0.794897 0.0847458 -0.371645 0.453285 0.258963 -0.770863 -0.645412 0.483267 -0.280001 -0.16156 -0.17354 0.674462 -0.751999 0.403684 -0.528918 -0.386663 0.699118 0.0375192 -0.250927 0.176609 0.547924 -0.16183 0.167742 -0.402239 0.623305 -0.569229 -0.159199 -0.391221 0.656995 -0.0597442 -0.666744 -0.713575 0.719168 -0.252253 0.200036 -0.784845 0.333657 0.173743 -0.548044 0.535896 
-0.568196 -0.280282 0.367886 -0.895894 0.662095 -0.595189 0.190173 -0.672709 -0.863206 0.241223 -0.259912 0.342619 -0.449557 0.00175545 0.529183 -0.707451 0.214803 0.0841738 -0.728823 0.287984 -0.861848 0.106767 0.847241 -0.149876 -0.431688 -0.223997 -0.296523 -0.0952792 -0.228551 -0.220391 -0.257872 -0.187784 0.0868213 -0.531079 0.750779 0.270616 0.36381 0.89036 0.108253 -0.389493 0.00525005 -0.51148 0.204973 0.592895 0.403553 0.0360181 0.115262 0.3946 0.671773 0.888642 
0.841244 0.263824 0.861502 0.865696 -0.659136 0.276617 0.715313 -0.827658 0.19948 0.394405 -0.62235 -0.765196 0.230173 0.735788 -0.88182 0.0631399 -0.693373 0.566052 -0.778684 0.316318 0.0532867 0.586397 0.821837 0.636281 -0.0348055 -0.357778 -0.837534 -0.610064 0.383381 -0.699652 0.148484 0.0665786 -0.771284 0.839313 -0.846593 0.132195 -0.25117 0.6152 -0.66357 0.794966 -0.194515 -0.543872 0.626313 -0.101968 0.125127 0.384066 -0.481809 -0.709376 0.877194 0.666528 
-0.219642 0.015672 0.0611447 -0.248504 0.075387 0.443278 -0.120447 -0.844634 0.00430047 -0.337385 0.487997 -0.370623 0.184323 0.228649 0.223523 -0.0211791 -0.64516 -0.634446 0.757519 0.330662 0.768065 -0.727828 -0.776265 0.370794 0.554979 -0.123587 0.0571911 0.105734 -0.882668 0.582781 0.144816 0.309296 0.242207 0.171142 -0.567178 0.181949 -0.0126033 -0.315004 -0.593802 -0.644169 -0.86935 0.610117 -0.638769 -0.217058 0.200471 0.199984 -0.177415 -0.872022 0.0269793 -0.3288 
-0.660054 0.60101 0.587496 0.209687 -0.26168 -0.670872 -0.280694 0.603745 0.313732 -0.447867 -0.0659244 -0.568424 -0.545988 -0.226793 -0.249183 -0.725896 -0.0903219 -0.623421 -0.582944 -0.209148 0.879134 0.68567 0.0483966 0.546636 -0.454556 -0.799347 0.572897 -0.700944 0.870655 -0.354158 -0.327746 0.352794 -0.590642 0.585807 0.581357 -0.523775 -0.735497 0.751869 -0.487345 0.41714 -0.821145 0.814677 -0.44747 -0.239423 0.192265 -0.755542 0.221169 0.688715 0.570739 0.171876 
0.13121 -0.057468 -0.719309 -0.844804 0.283606 0.794609 -0.234843 -0.569592 -0.407826 0.0257445 -0.446372 0.810706 -0.166499 0.8141 -0.625836 0.29733 -0.356815 -0.0158232 -0.886229 -0.475041 0.0693799 0.719708 0.541015 0.384388 -0.735245 -0.109693 0.720155 0.690741 -0.325227 0.164197 0.193424 -0.521813 0.709496 -0.0608686 0.340247 0.817327 -0.28037 -0.0654619 0.476795 -0.39707 -0.469088 -0.900307 -0.408464 0.47908 -0.0534286 0.763144 0.0921941 0.401148 -0.468023 -0.694202 
-0.509005 -0.825653 0.64395 0.344952 0.444792 -0.676758 0.756284 0.0720439 -0.663933 -0.427994 -0.485041 -0.151518 0.0836151 -0.667059 -0.855119 0.49883 0.492672 -0.655472 0.374944 0.279974 0.0578751 -0.531328 -0.71865 -0.0521268 -0.534561 -0.611864 0.222662 -0.0475565 0.678073 -0.526301 0.853184 -0.724483 0.264116 -0.213713 0.490853 -0.538089 -0.413108 -0.542643 -0.732369 0.196192 -0.200703 0.154964 0.247852 -0.752753 0.636338 -0.338844 0.433491 -0.118037 -0.159988 0.136933 
-0.302407 -0.712985 0.00506702 0.0408559 -0.393244 -0.307632 0.00417474 -0.328498 -0.131035 0.31318 0.560933 -0.672628 -0.410817 0.376454 0.843635 0.608566 -0.118082 0.611745 -0.0581465 -0.569923 -0.325831 -1.58964e-05 -0.540328 0.376584 -0.137619 -0.0978805 -0.0948941 -0.775209 0.185319 -0.650611 0.2824 -0.762677 0.0303312 -0.403007 0.429371 -0.720199 -0.64158 0.108739 -0.870614 -0.873088 0.896676 0.722631 0.703547 0.357455 0.564891 0.463443 0.0299184 0.250035 -0.501214 0.478904 
0.77134 -0.669532 -0.803992 -0.771676 -0.723063 0.621843 0.49451 0.12396 -0.0419793 -0.590347 -0.343411 0.00523893 0.0439266 0.0944284 -0.0675687 -0.607086 -0.136507 -0.819677 0.0564866 -0.204235 -0.8737 -0.692463 0.602917 0.495107 -0.195781 0.697908 -0.641867 0.858495 -0.304793 -0.741894 0.150779 0.0906887 0.835793 -0.310702 0.867489 0.642093 0.225248 -0.104719 -0.268098 0.127035 -0.277683 0.173855 0.663838 -0.597622 -0.235752 -0.557855 -0.166754 -0.775888 0.340761 -0.449305 
0.132771 -0.314661 -0.59501 -0.853858 0.734387 0.366747 -0.670398 0.837631 0.752612 0.395514 0.20348 -0.0362308 -0.806165 0.227228 0.0127248 -0.524534 -0.81133 -0.221129 0.679839 -0.308442 0.101476 0.107022 -0.705806 0.159762 0.138455 -0.55398 -0.404404 -0.47895 0.287424 0.276271 -0.267027 0.460066 -0.740658 -0.44993 0.782363 -0.686875 0.87707 -0.79881 -0.0405783 -0.420385 0.336673 -0.409275 -0.781084 0.19528 0.176614 -0.108787 -0.44417 0.760905 -0.846642 -0.0216063 
-0.20436 -0.63185 0.8126 -0.313126 -0.206522 0.230707 -0.562049 0.273277 -0.458062 0.00108324 0.546721 0.222785 0.803259 0.525711 0.32626 -0.24542 0.626977 0.511722 0.785712 0.278295 -0.379692 -0.486935 0.365176 0.282774 -0.696149 0.654243 -0.357806 0.664293 -0.497282 0.418846 -0.218216 0.0285354 -0.354518 -0.431878 0.399489 0.0266692 -0.43903 0.772777 0.597293 0.279906 0.148328 -0.494586 -0.769203 -0.456319 0.45967 0.0122844 0.562245 0.0864206 -0.399437 -0.224869 
0.723542 -0.846221 0.190383 0.587162 -0.276121 0.30875 0.232849 0.602464 0.457782 -0.0294889 -0.648458 -0.421172 0.845527 -0.595538 -0.163795 0.45642 0.655138 -0.0598451 0.216308 0.651972 0.475099 0.676845 -0.739503 0.104932 0.660754 -0.488487 0.556434 -0.609082 -0.747773 -0.75244 0.122309 -0.397208 -0.297071 -0.859902 -0.463599 0.831985 -0.285397 0.689083 0.313894 -0.772668 0.725957 -0.260179 0.03684 0.742153 0.345418 -0.81311 0.0225681 -0.523129 0.138119 0.79305 
-0.639616 -0.275663 0.504781 -0.132325 -0.0420634 -0.384043 -0.862664 -0.850291 0.345027 0.463338 -0.867988 -0.841319 0.686695 0.361628 0.194386 -0.842709 -0.652932 -0.245114 0.709145 -0.593379 0.15486 -0.381446 -0.512738 -0.165082 -0.122796 0.189019 0.210974 -0.217189 -0.325776 0.0519277 0.427763 0.212253 0.426771 -0.17024 -0.548915 0.585872 -0.248286 0.329325 -0.59106 0.268629 0.735011 0.0534083 0.086013 0.388889 0.212093 -0.173155 0.629171 -0.23394 0.0704306 0.504364 
0.334441 0.165876 0.709363 0.64737 -0.885936 -0.353178 -0.105513 0.632726 -0.493847 -0.39601 -0.135845 0.28849 0.17284 -0.47696 -0.507532 -0.474218 -0.604089 0.612263 -0.755786 -0.468707 0.626884 0.293978 0.764534 -0.411004 -0.29945 0.535488 0.374039 0.28429 0.13912 -0.738949 -0.791943 0.565085 -0.514101 -0.106808 -0.00610894 -0.178105 0.457739 0.869883 -0.0469966 -0.485563 -0.105593 0.131349 -0.470626 0.69087 0.184351 0.220105 -0.743568 0.324374 0.220108 0.307173 
-0.161462 0.253073 -0.86259 -0.358267 0.663414 -0.0804689 0.124465 -0.572552 0.199143 -0.843798 -0.686809 -0.867846 -0.146169 0.360264 0.0962684 -0.642324 0.577634 0.202611 0.262136 0.51937 -0.769741 0.0359889 0.696782 -0.822202 -0.90123 -0.871247 -0.545797 0.0802205 0.455517 -0.501984 0.79204 0.755723 -0.61064 0.504829 -0.669562 -0.225018 0.348447 -0.427991 0.745414 -0.355584 0.145621 0.23765 0.27903 0.295479 -0.541324 -0.437843 -0.874547 -0.0145087 0.447363 0.19025 
-0.507164 -0.676759 0.126472 -0.462402 -0.390067 0.889072 -0.346609 -0.875986 -0.835556 0.385543 0.809307 -0.141013 0.552438 -0.795838 0.162438 -0.45798 -0.26047 -0.390647 0.0115409 0.542446 -0.508521 -0.739827 0.854981 0.227313 0.180214 -0.690059 0.797903 -0.19195 0.378258 0.426573 0.750737 -0.148483 -0.549736 -0.550578 0.804048 0.700132 -0.709662 0.190141 -0.137787 -0.38142 0.431664 -0.721121 -0.849937 -0.662899 -0.443694 -0.473784 0.697539 0.0779641 -0.0678761 0.0666092 
0.396217 0.23033 -0.556353 0.432356 -0.259918 0.536952 -0.780264 -0.00593714 0.736768 0.73675 0.632866 -0.414332 0.191661 -0.377062 -0.127811 0.0692321 0.385433 -0.396997 0.0119574 0.503884 -0.529578 -0.376478 0.11065 -0.22256 0.0429071 0.0755333 -0.441365 0.371482 0.240183 0.0317621 0.840262 0.654831 -0.135234 -0.0717045 0.587381 0.796176 0.643311 -0.814502 -0.842892 -0.433082 0.43141 0.264208 0.105362 0.597416 -0.0339428 0.00349845 0.228683 -0.507145 -0.24484 0.148245 
0.759376 -0.247515 -0.608693 0.629177 -0.360784 -0.295721 -0.615699 0.116231 0.850719 0.142144 0.609027 -0.129251 0.48156 -0.835358 -0.152478 0.0971813 -0.640363 0.239394 -0.0111795 0.364225 0.523199 0.262942 -0.741937 -0.134216 -0.365714 -0.191069 0.27671 -0.477682 0.00334829 -0.0708867 0.825326 0.0409338 0.518029 0.480593 -0.345023 -0.646872 0.791299 0.710246 -0.0125678 -0.138581 -0.512831 -0.0394444 0.48951 0.124664 0.532153 0.645982 0.846966 -0.599054 0.761148 0.233909 
0.846838 0.436467 -0.69752 0.799565 0.241174 0.784014 -0.743797 -0.190992 0.504385 0.718312 0.576672 0.387573 -0.834408 0.843279 0.492414 -0.641822 0.857546 0.715841 0.0740356 -0.259234 -0.124145 0.346852 -0.393611 0.436869 -0.612872 -0.01212 -0.839276 -0.148979 -0.843683 0.275068 0.0574197 0.0538266 0.211977 0.45118 -0.536338 0.539159 -0.303411 0.8001 0.575742 -0.640351 0.575161 -0.572007 0.309527 -0.846594 0.524273 -0.170078 0.200397 -0.521341 -0.341259 -0.488294 
-0.828557 0.213896 -0.263758 -0.702643 0.439654 0.248311 0.534631 0.83833 -0.302397 -0.810315 0.322236 0.86835 0.631155 0.491195 0.79568 -0.537937 -0.0470529 -0.507071 0.854661 0.522096 -0.571673 0.319945 0.572538 -0.310474 -0.244022 -0.563934 -0.891714 -0.710133 0.744878 -0.0786955 0.524883 0.143549 -0.623966 -0.445176 0.828983 0.0121424 -0.759145 0.096917 -0.386091 0.000383386 0.763893 -0.0326271 0.489619 0.508671 0.512647 -0.723566 -0.181596 -0.894325 0.656034 -0.486248 
0.482338 -0.586772 0.158103 -0.64838 0.289454 -0.328436 0.724396 -0.229603 0.38942 -0.00921827 0.828094 -0.731155 -0.142205 0.343484 0.719084 0.800249 0.143111 0.728662 -0.532169 0.0150884 0.805506 0.5726 -0.788726 -0.118616 0.892119 0.846573 0.314855 0.447337 -0.159511 0.554149 -0.656989 -0.286861 0.505264 -0.508411 0.0361569 -0.286472 -0.573695 -0.00897445 -0.406367 0.205015 0.687251 0.55269 0.852089 0.051628 0.743104 -0.736615 0.623248 -0.182795 0.203504 0.567237 
0.672682 0.572931 -0.698886 -0.525008 -0.424364 -0.324954 -0.438339 -0.10876 -0.714578 -0.0503178 0.339353 -0.767051 -0.337524 0.592055 0.782376 -0.81241 0.807885 0.482817 -0.701 0.452226 0.25588 0.506637 -0.794661 0.630794 -0.116436 -0.191518 -0.641125 -0.508996 -0.842013 -0.902809 -0.812498 0.18285 0.585404 0.0416974 -0.0137415 -0.633611 0.815059 -0.263277 -0.661968 -0.778474 -0.31868 0.0892215 0.121801 -0.372747 -0.316532 -0.708022 -0.664033 -0.830797 0.707411 -0.362787 
-0.33378 -0.263598 -0.212434 0.426924 0.281828 -0.399515 0.553799 0.343098 0.0798444 0.735476 0.350305 -0.440941 -0.75283 -0.276616 -0.859284 0.38423 0.580038 0.702609 -0.589908 0.472594 -0.55553 -0.747367 0.557367 0.343035 -0.836111 -0.430386 -0.820701 0.450188 0.456002 0.839804 0.817029 -0.178818 -0.272875 0.366062 0.879772 -0.609735 0.0339896 0.255656 -0.702206 0.0813587 0.0291726 -0.565978 0.872051 -0.0263526 0.312295 0.0199238 0.309734 -0.0369241 0.0378476 -0.624538 
-0.791252 0.229071 0.226833 0.52353 -0.207974 0.167367 0.214646 -0.681508 0.247596 0.44115 -0.0148975 -0.438985 -0.658762 -0.81563 0.76419 -0.0206027 0.5283 -0.376855 0.403546 0.621714 0.674189 -0.268639 0.567819 0.0375301 -0.715195 0.743165 -0.501732 0.671634 -0.0812794 0.719635 0.444233 0.396383 0.0726693 -0.242956 0.529349 0.635884 0.343091 -0.0266599 -0.196924 0.453492 0.12515 0.0535897 0.750633 -0.562077 -0.424568 -0.790299 -0.0161093 0.765724 -0.00528557 -0.305182 
-0.0637006 -0.752753 -0.817097 -0.52429 -0.442724 -0.504641 0.917133 0.182559 -0.868654 0.734511 0.735868 -0.224436 -0.04374 -0.547253 -0.19415 -0.590484 0.686699 -0.312129 0.867383 0.26689 -0.236473 -0.249742 -0.522691 0.498931 -0.696596 -0.0619403 0.163869 -0.478196 0.795937 0.701807 -0.619951 -0.684909 -0.810713 -0.618753 -0.187952 -0.836668 -0.856914 -0.696656 0.0653488 0.332357 0.00336592 0.314766 0.210664 0.832018 -0.376283 -0.71901 0.133514 0.86967 -0.145418 0.281127 
0.658748 -0.163978 -0.466903 0.61144 0.566188 -0.557656 -0.319658 0.104566 0.683217 -0.0598345 0.788763 0.411124 0.282403 -0.554652 0.304156 0.374742 -0.126489 0.40372 -0.0564395 0.494008 -0.402938 0.451862 -0.494606 -0.227146 0.383142 -0.55928 0.0797588 0.777016 0.564526 0.190624 -0.122445 0.0547616 0.882598 0.407622 -0.507098 0.687467 -0.493231 -0.630311 0.523501 -0.464775 -0.822184 0.592968 0.544734 0.444059 0.517621 0.567301 -0.196457 -0.4868 -0.0760404 0.14079 
-0.711775 0.241103 -0.424814 0.661824 0.0232742 0.537294 -0.645875 0.456185 -0.749685 -0.713779 0.610274 -0.751947 -0.338 -0.510204 -0.433861 0.701327 -0.588648 -0.273503 0.209084 0.705124 -0.655332 -0.254998 0.604014 0.0897162 0.595913 -0.636289 -0.430126 -0.786501 -0.28576 0.735695 0.889097 -0.0768047 0.663712 0.0959352 -0.90412 -0.377755 0.104719 0.578089 -0.713498 0.116396 -0.220119 0.292949 0.0165681 0.0426739 -0.863461 -0.669994 -0.637529 -0.609689 0.205506 -0.0680809 
-0.527606 0.282029 -0.704236 -0.000936313 0.226787 -0.610082 -0.145454 0.632834 -0.189479 -0.558509 -0.858761 -0.643776 -0.658305 -0.181001 -0.765162 -0.042961 0.812731 0.4789 0.865012 0.511173 -0.199695 -0.0396477 -0.442205 -0.248148 -0.208796 -0.842918 -0.417167 0.295254 -0.304207 0.5044 0.167516 -0.193948 0.529329 0.541517 0.0269453 0.621111 0.188605 0.0273648 0.409596 -0.644967 0.0937329 -0.190637 -0.630291 -0.163388 0.0157862 0.200262 0.140651 -0.429909 0.554492 -0.651175 
-0.703175 -0.504981 0.893124 -0.35388 -0.019083 0.035589 -0.414501 0.263952 0.601245 0.260233 0.10593 0.389663 -0.717163 -0.365114 0.422386 0.0881729 -0.116083 0.746481 0.621114 -0.297565 -0.263004 -0.771456 -0.133044 -0.0891967 -0.376061 0.454828 0.241247 -0.221301 -0.395415 -0.622692 -0.603696 0.0273888 -0.414781 0.737904 0.28399 -0.55458 -0.665854 -0.191724 0.140073 0.865234 0.513535 -0.181727 -0.589769 -0.117529 0.364823 0.402465 -0.57256 -0.799956 0.288096 0.755838 
-0.771191 -0.672891 0.613792 -0.117206 0.374526 -0.401407 -0.152715 0.063807 0.793084 0.42612 -0.042488 0.282409 0.753649 0.528964 0.350265 -0.620493 -0.354672 -0.510157 0.649845 0.403249 0.487298 0.282164 0.156305 0.648198 -0.32311 0.578641 0.315528 -0.391899 0.229294 0.341911 0.163636 -0.0727576 -0.485831 0.401117 0.614179 0.140268 0.351154 -0.142663 -0.00729861 -0.489301 0.721918 -0.0410511 0.863547 -0.00297947 0.0455133 0.0632859 0.624511 -0.252053 -0.765932 -0.484263 
-0.264362 -0.261064 0.596136 -0.090355 -0.791965 0.782821 -0.747021 0.161562 -0.895892 -0.534285 -0.13834 0.706576 0.406232 0.352846 -0.89754 -0.173455 0.418116 0.778152 0.870368 -0.199088 0.872672 -0.147023 0.163925 0.0121303 0.334921 -0.744795 -0.286885 -0.455454 -0.138265 0.607494 0.0406785 -0.863791 0.0535339 0.642721 0.259972 -0.846484 -0.388992 -0.360864 -0.0101003 -0.424543 -0.890573 -0.191279 0.436718 0.518005 -0.34814 0.0911969 -0.13303 0.75171 -0.516269 0.55261 
0.295959 -0.343767 -0.794549 -0.832635 0.895329 -0.414783 0.777891 0.531168 -0.805461 -0.277115 0.0210367 0.623505 0.349949 0.174997 0.420957 0.120073 0.585386 -0.688196 0.392318 -0.0295661 -0.855375 -0.573316 0.897788 -0.912939 -0.628018 0.0700719 -0.124334 -0.133901 0.804008 0.67628 0.619427 -0.0800855 0.678524 0.400977 -0.481316 0.489146 0.223764 0.896171 -0.537753 0.748007 0.569227 0.853546 0.299354 -0.510459 -0.138919 -0.169795 0.497097 0.434786 0.292987 -0.146783 
0.386255 0.219325 -0.670022 0.174338 -0.180409 -0.182138 -0.296381 -0.824691 -0.494641 -0.403653 -0.509971 -0.621804 -0.666526 0.717775 0.0170274 -0.134256 0.419244 0.752784 0.297792 0.0158372 -0.581688 0.826794 0.18926 0.800282 0.559276 -0.368487 -0.219378 -0.355115 -0.714688 0.706269 0.533064 -0.0686728 0.640604 0.624377 -0.520984 0.787451 0.386082 -0.658117 -0.0418263 0.800875 0.609845 -0.88029 -0.863539 0.0210945 -0.349055 0.857027 0.81908 -0.342876 0.283394 0.739796 
0.186648 -0.0790917 -0.424639 -0.0594273 0.190643 0.547936 0.457725 -0.461652 0.540977 0.572508 -0.569101 0.072012 -0.2197 -0.210802 -0.620594 -0.124866 -0.570481 -0.101748 0.355307 0.231512 -0.28188 0.565799 -0.358255 -0.527978 0.892975 0.0782517 0.836178 -0.619962 -0.445488 0.246586 0.61782 0.560969 0.389129 0.230432 -0.631144 0.0672724 0.289703 -0.630401 0.600082 -0.739095 0.797869 -0.405077 -0.793069 0.269915 0.618034 0.0312147 -0.764297 -0.362514 0.116394 0.404704 
0.408443 -0.164913 0.723452 -0.656741 0.574314 0.813223 -0.0768606 0.544833 0.72595 0.0708113 0.663773 -0.672468 -0.21701 -0.896816 -0.632488 -0.891126 0.689813 -0.26298 -0.763528 -0.81029 -0.879353 -0.07853 0.140129 0.739845 -0.288327 -0.856963 0.518636 0.00343905 -0.550276 -0.15841 -0.868045 0.186653 0.42305 0.232001 -0.402812 -0.119871 0.289687 0.711043 -0.658767 0.499572 0.460992 0.65492 0.373991 -0.553717 0.153445 -0.0668157 0.603105 0.802998 0.109209 0.899636 
0.179542 0.674012 0.848794 0.812941 -0.570086 -0.270591 0.291527 0.18616 0.588682 0.187156 0.0519089 0.768957 -0.561218 0.164391 0.713516 -0.363722 0.745639 0.394022 -0.478992 -0.437526 0.702048 0.566771 -0.74252 0.860703 0.498325 -0.353989 0.739152 0.369985 -0.621391 0.419196 0.875325 0.512961 0.697964 0.582665 -0.73457 0.562246 -0.31723 0.464294 0.277107 -0.71367 0.300958 -0.182293 -0.181496 -0.754789 -0.442054 0.770149 0.609841 0.761964 -0.00503857 -0.547896 
0.435076 0.118619 0.371595 -0.650089 0.253655 0.783211 0.450041 0.879476 0.521871 0.0499227 0.568218 -0.619711 -0.518997 -0.858325 -0.301644 0.166032 -0.1443 -0.787682 0.41539 -0.883016 -0.669976 -0.497181 0.897514 0.581487 0.580716 -0.839723 0.709713 0.127676 0.125138 0.709393 -0.858487 -0.0132975 0.835104 -0.00791234 -0.400525 0.0732103 -0.703753 0.873886 0.299905 -0.533477 0.355774 -0.328259 0.159399 -0.53428 0.602994 -0.361002 0.307799 -0.416063 -0.757559 -0.371362 
0.326416 0.0862092 0.438552 0.226956 -0.660109 0.124287 -0.612915 0.121556 0.838044 -0.441254 0.463899 0.475789 -0.0102371 0.706965 0.0711052 -0.28498 0.0742551 -0.53434 0.801549 -0.892632 -0.492437 0.720335 -0.283761 -0.389956 -0.272796 0.559797 -0.0580755 -0.300683 0.315936 0.0814167 -0.63478 0.0689665 0.59496 -0.638128 0.399173 0.856107 -0.185068 -0.327808 -0.490454 0.273311 0.21962 0.118222 0.294594 -0.542979 -0.647926 0.877742 0.469896 0.859656 -0.62515 -0.396878 
-0.663555 -0.125479 -0.118869 -0.223653 0.173565 0.172367 0.219087 0.0694438 0.613562 -0.577794 0.593291 -0.327842 0.796006 0.49116 0.431957 -0.159575 -0.0896435 0.353421 0.407169 0.627632 0.0646886 0.788833 -0.222333 -0.760952 0.402135 -0.869639 -0.746548 -0.507626 -0.0688756 -0.526313 -0.811952 -0.0974683 -0.537433 -0.588174 0.320665 0.812258 0.477529 -0.234999 -0.0986023 0.863275 -0.445145 -0.809556 -0.660051 0.0492292 -0.0225292 0.236937 -0.0766442 -0.38424 -0.267073 -0.458688 
-0.618198 0.0685363 0.429149 0.261463 0.64555 0.071001 -0.894241 0.232991 0.839755 0.386946 -0.480947 -0.722208 0.426164 0.13595 0.0553631 0.200306 -0.483932 0.84251 -0.449175 0.347961 0.322421 -0.249669 -0.273476 0.258279 -0.75997 0.831566 0.617738 -0.833814 0.793368 -0.0179796 -0.252135 -0.656919 -0.0764704 0.14101 0.00747865 0.177301 0.737259 0.522452 -0.170158 -0.0747555 -0.748999 -0.103991 -0.166441 -0.640939 0.574794 -0.811671 0.629345 0.563516 -0.156821 -0.75836 
0.198024 0.304334 0.343304 0.53313 0.437916 -0.274591 -0.00989825 0.0638232 -0.311295 -0.469661 0.307886 0.00155168 0.828361 0.684065 -0.393122 0.178158 -0.274526 -0.692216 0.570568 0.454157 -0.284227 0.0737526 0.563646 0.307069 -0.542652 -0.612173 0.354773 0.793369 -0.0131414 0.868575 -0.333884 0.858078 0.863817 0.622731 0.0218211 0.560372 -0.480926 -0.275786 0.749687 -0.435473 0.732335 -0.826141 -0.894909 0.711217 0.220471 0.366601 -0.727375 -0.157351 0.599399 -0.0740996 
0.110145 -0.707412 -0.466057 0.278675 0.399295 -0.384958 0.408951 0.808999 -0.213308 0.209772 0.60964 -0.194023 -0.640893 0.222988 -0.733311 0.675125 -0.826856 0.23872 0.794933 0.781389 -0.26707 0.726253 -0.59715 0.0359943 0.530952 0.705632 -0.0875355 -0.250071 0.644119 0.193447 -0.640258 -0.433836 -0.566138 -0.396449 -0.46854 0.273648 -0.421156 -0.288567 0.171639 -0.238623 0.131897 0.369151 -0.699321 0.500565 0.668267 -0.00235152 -0.599582 0.318195 -0.46309 0.18055 
0.626058 0.0208815 -0.62458 -0.198567 0.301785 -0.672465 0.425541 0.0986928 0.524521 0.0385904 -0.317637 -0.123706 0.735256 0.255387 0.317205 -0.711823 -0.350974 -0.105917 0.548453 -0.168679 -0.890462 -0.665765 0.711341 0.274703 0.197423 0.313334 -0.570902 -0.127045 -0.551912 0.423086 0.558317 0.55951 -0.148354 -0.337949 0.571492 0.566048 0.376199 0.532226 -0.652623 0.446281 0.56643 -0.154142 -0.686848 -0.759134 0.0756238 0.801525 0.324248 0.429497 -0.565767 0.0605412 
-0.232852 0.40652 0.86956 -0.135794 -0.0588215 0.543135 0.353186 0.100465 -0.657956 -0.789808 -0.142059 0.221114 -0.493642 0.0749996 -0.120662 -0.784652 0.208746 -0.59262 -0.616544 -0.228585 0.58845 -0.245984 0.374574 -0.47111 -0.374864 0.3495 0.265723 0.599032 -0.839489 -0.726043 0.824885 0.605228 -0.894506 -0.444935 0.158087 0.88427 -0.231113 -0.778399 -0.463495 -0.200939 -0.696225 0.154623 -0.74942 0.0689017 0.256893 0.417866 0.330918 -0.0859931 -0.825956 0.320454 
-0.0387154 -0.546442 0.368307 -0.0428924 -0.116395 0.753141 -0.751651 -0.442229 -0.214007 0.08905 0.0559422 -0.0359958 -0.843184 -0.774577 -0.853299 0.435952 -0.605743 -0.873192 -0.303871 -0.470747 -0.425874 -0.638632 0.264284 0.122747 0.794617 0.210592 0.293894 0.582292 -0.554523 -0.62861 0.753342 0.0981297 -0.160412 -0.648178 0.0187813 -0.418067 0.441504 -0.742973 -0.51262 -0.597922 0.638536 -0.665191 0.488449 -0.062438 0.440813 -0.443339 0.461628 0.88552 0.285151 0.510648 
-0.84286 -0.771 0.272724 -0.0284272 0.739451 0.0211905 0.34517 0.711123 0.606002 -0.627013 0.0189312 -0.804057 0.841934 0.159531 0.359678 0.0638482 0.0490382 -0.568257 0.56452 0.533009 -0.0553884 -0.285518 -0.625788 -0.290834 -0.173787 -0.529107 0.867946 0.447892 0.3076 0.7253 -0.392914 0.805149 -0.783205 0.319205 -0.729071 0.361851 0.853874 0.589639 -0.67572 -0.757472 0.408474 -0.59775 0.784295 0.366833 0.66228 -0.0651854 0.396218 -0.395802 0.0422834 0.0683078 
0.853808 -0.374753 -0.527127 -0.495461 -0.378708 0.275849 0.179781 0.0509416 -0.428389 0.55657 -0.133167 -0.757498 -0.0423811 0.533595 0.681695 0.876899 -0.593921 -0.802249 0.462935 0.0970163 0.555578 -0.348856 -0.755122 -0.3279 -0.639013 -0.585128 -0.183851 -0.723139 0.578435 -0.486003 -0.711524 -0.129929 -0.50748 0.296767 0.14108 0.697838 -0.651334 0.148495 0.596664 -0.803983 -0.797273 -0.096385 0.236065 0.513265 -0.00196252 -0.794136 -0.587362 -0.77514 0.144428 0.772675 
-0.246025 0.809753 0.00903079 0.247905 -0.257386 0.238734 -0.266336 -0.665311 0.00415199 0.448887 -0.72559 0.630155 -0.875264 0.684681 0.872771 -0.641499 -0.623196 0.0584462 0.789697 0.256984 0.244495 0.672068 -0.0617315 0.889872 -0.114742 -0.363179 -0.597394 -0.689406 -0.719115 -0.194782 0.776289 0.708556 -0.607989 -0.727464 0.116929 -0.0999312 -0.311525 -0.62046 -0.780316 0.349035 -0.174168 0.87495 0.688894 -0.119316 0.110407 -0.235068 -0.898243 0.0222562 0.611597 0.710616 
-0.741142 0.304416 0.759575 0.696931 -0.0684669 -0.730531 0.529812 -0.391155 0.576674 -0.350694 -0.0561505 -0.042194 0.262611 0.320658 0.528653 0.617126 0.585207 0.322713 -0.512631 0.118016 -0.340724 0.179222 0.508175 -0.134255 -0.354759 0.273717 0.614278 0.599533 0.447124 0.204842 -0.0876487 0.643686 -0.125992 -0.138363 -0.751501 0.783442 -0.681258 0.0459532 0.759951 0.401542 -0.75859 0.0940207 0.81515 0.850547 -0.106034 -0.464997 0.524761 -0.176786 -0.894032 -0.0264471 
-0.0415734 -0.0979475 -0.0404659 -0.864492 0.22151 0.354293 -0.604103 -0.409703 -0.276621 0.297086 -0.801774 0.807323 -0.102028 0.554301 -0.172214 0.827666 -0.902602 0.747047 -0.355058 0.677658 -0.244051 -0.847369 0.75231 0.00904145 0.317517 0.802527 -0.824051 0.882368 -0.194927 -0.51342 -0.266857 -0.699213 -0.289109 0.291977 0.306938 0.435148 0.73855 0.537342 -0.18998 -0.642956 -0.829944 -0.491134 -0.334651 0.65631 0.276339 -0.492946 -0.855042 -0.568285 -0.794655 -0.404403 

