-0.0415371 -0.00281819 0.0978717 0.424629 0.199307 -0.792333 -0.702251 -0.370143 -0.281128 0.889771 -0.71639 0.581046 -0.594312 0.842867 -0.592723 0.0278785 0.400465 -0.260382 0.28868 0.148421 0.255205 -0.63235 0.615619 0.483871 -0.309614 -0.179336 -0.404736 -0.468281 -0.0673081 0.310805 
-0.573992 -0.0238031 0.548655 -0.120693 0.0347305 -0.389418 0.253184 0.764559 0.178735 -0.833126 -0.254232 0.419031 0.515219 0.380513 -0.500286 -0.158582 0.689282 0.301159 -0.532927 0.129035 0.183788 -0.404204 0.67622 0.498035 0.858637 0.515632 -0.809518 -0.0412792 0.805427 0.28043 
-0.553595 0.692283 -0.0676485 0.47367 -0.143276 -0.737739 0.279087 -0.703884 -0.445757 -0.772704 0.44136 -0.714514 0.00176466 -0.325866 -0.660801 -0.564104 -0.212615 0.828626 0.798827 -0.732095 -0.361311 0.190436 -0.758573 0.70709 0.792473 -0.459997 0.0249773 0.679267 -0.411608 -0.563829 
0.490983 -0.400087 0.714974 0.350276 0.519372 0.411454 0.603485 -0.787016 0.417196 -0.22371 0.823969 0.0543924 0.240856 0.761291 0.823422 -0.267498 0.534526 0.545408 0.135785 -0.475906 -0.637338 -0.379765 -0.46625 -0.165317 -0.0472845 0.524045 -0.478205 0.0677625 0.435838 0.611696 
-0.684353 0.51772 -0.360712 -0.216568 -0.608245 0.866469 -0.867403 -0.68493 0.248503 -0.309161 -0.29368 0.805527 0.784759 -0.121592 -0.0889669 -0.826424 0.688095 -0.838512 0.106461 0.289201 0.112233 0.266389 -0.420552 0.149591 -0.302513 0.0562975 -0.860159 -0.435797 -0.731728 -0.866623 
0.412986 0.185018 -0.724841 0.883808 0.297922 0.0318058 -0.671564 0.892726 -0.108301 -0.752809 -0.678348 0.117874 -0.694791 -0.729894 -0.728107 0.0872946 0.0441841 0.461434 0.596226 -0.108821 -0.099292 0.498168 0.608242 -0.301881 -0.71692 0.586805 0.242609 -0.68845 0.79422 0.376866 
-0.878824 0.130709 -0.946496 -0.0838856 -0.360763 -0.397827 -0.106825 -0.748006 -0.846477 0.69129 -0.224822 -0.110513 -0.17692 -0.651154 -0.0583825 -0.299394 0.527313 0.25223 0.412586 -0.45394 0.422369 -0.652863 -0.912845 -0.588224 -0.443245 0.376249 -0.372977 -0.868079 0.509484 -0.329008 
-0.783042 0.132253 0.633171 -0.605499 0.268129 0.430537 0.434528 -0.648285 -0.38414 -0.820791 0.154457 0.180029 0.361677 0.135818 0.205526 -0.590468 0.32065 0.00114387 0.688996 -0.123437 -0.395974 0.224064 -0.594563 0.223531 0.241645 0.503232 -0.340831 0.271206 -0.205692 0.153534 
-0.735648 0.288803 0.240566 0.852659 -0.370823 0.551209 -0.835785 0.473587 -0.618873 -0.787948 0.717997 0.875412 0.296085 -0.833816 -0.0727076 0.295442 -0.0601931 0.0461638 0.758556 0.567328 -0.149447 0.441432 0.888796 0.0341152 0.409661 -0.540557 -0.289377 0.114001 -0.324023 -0.457748 
-0.539611 -0.847446 0.670127 -0.219244 -0.859508 -0.792095 0.803228 -0.04972 0.792384 -0.687635 0.672455 -0.771775 0.465854 -0.44528 -0.599951 0.154019 -0.32495 0.35653 -0.3532 -0.0959928 0.825316 -0.476487 0.806476 -0.537408 -0.0602532 -0.618075 -0.0418162 0.139695 -0.202706 0.645477 
0.326057 0.730974 -0.445545 -0.238421 0.201266 0.135467 -0.700472 -0.24427 -0.388641 -0.872141 -0.109363 0.0951994 0.400812 0.853347 -0.131923 -0.796313 -0.197876 -0.00424085 -0.878876 -0.679175 0.462132 0.716289 -0.825582 0.421783 -0.680771 -0.318337 -0.284984 -0.378412 0.231733 0.510034 
-0.851069 0.531096 0.372346 -0.666955 -0.70375 -0.658016 -0.432604 0.651892 -0.897965 0.647013 0.733901 0.504345 0.601479 -0.777373 0.764623 -0.126265 -0.793241 0.867002 -0.00192062 0.743001 -0.288663 -0.435115 -0.849389 -0.292756 0.367202 0.259997 -0.83095 -0.813579 0.533024 -0.691136 
-0.559957 0.260353 -0.146173 0.413856 0.752448 0.626941 -0.555375 0.679826 0.778542 -0.361244 -0.169313 -0.489446 0.0150874 -0.407616 -0.838834 -0.89196 0.167696 -0.461874 0.133493 -0.315 0.714866 0.84846 -0.87715 -0.381538 -0.75615 0.403973 0.189316 -0.739419 0.628686 -0.450484 
-0.230637 0.558422 0.879835 0.36484 0.388357 -0.716153 -0.0843109 0.551217 -0.27589 0.139352 0.279103 0.000959546 -0.5169 -0.38692 -0.51658 0.188508 -0.128122 -0.406717 0.459096 -0.450489 -0.737833 -0.829631 -0.871876 0.876213 0.314721 0.133087 -0.157457 -0.580115 0.7624 0.057968 
0.00185321 0.362703 0.328534 -0.0683804 -0.508544 -0.825353 -0.374642 0.376054 -0.439522 -0.671362 -0.249033 0.711499 -0.334511 0.342943 0.567352 0.0599938 -0.835088 0.401876 0.710651 0.755494 -0.584247 0.334006 -0.745158 0.469129 0.0975494 -0.575127 -0.359722 -0.172201 -0.718626 -0.136397 
0.132377 0.514147 -0.700632 -0.747198 -0.611654 0.0784178 -0.319233 -0.117093 0.576075 -0.0965605 -0.659872 -0.578811 0.621073 0.718416 0.228328 -0.871591 0.0692186 -0.555344 -0.247811 0.774003 -0.800236 0.481289 -0.00758152 -0.616921 -0.77131 -0.416896 0.834553 -0.0435357 -0.471163 -0.779505 
0.672071 0.184367 0.842771 0.604351 -0.247701 -0.811663 -0.36423 0.488765 0.53189 0.0688236 -0.382322 0.0288352 -0.656655 0.471481 0.704575 0.716919 -0.493757 -0.027473 0.345165 -0.205422 0.871659 -0.0404992 -0.486566 -0.443042 -0.45395 0.0703196 -0.791058 -0.0965217 0.370613 -0.128586 
-0.349269 -0.504703 -0.650656 -0.856668 -0.563134 -0.22491 -0.739176 0.151807 -0.3572 -0.359959 -0.102804 -0.121209 -0.0910704 0.545021 0.344178 -0.734184 -0.697737 0.687305 -0.479683 0.8178 -0.321511 -0.235276 0.145455 -0.586303 0.0855455 -0.537568 0.653882 0.578179 -0.619128 0.476574 
-0.218408 -0.0820826 0.268628 0.488248 0.326777 -0.912011 0.810563 -0.597087 0.801088 -0.440563 0.209238 0.446805 -0.367136 -0.594385 0.265147 0.56169 0.496268 0.0265533 0.567327 0.245881 -0.353351 0.056905 -0.9366 -0.838916 -0.0305194 0.583976 0.680036 -0.445457 -0.108623 -0.441947 
-0.0640627 -0.22339 0.0103035 -0.0368757 -0.831331 0.60291 0.200858 0.557582 0.1684 0.453447 -0.774374 -0.170882 0.53305 0.634327 0.288451 0.06607 -0.0169827 -0.821811 0.507184 0.588038 0.160112 0.766167 -0.699932 -0.222867 -0.304193 -0.371561 -0.220044 0.328407 -0.186429 -0.306828 
-0.0749094 0.355455 0.666645 -0.427074 0.859552 -0.398189 -0.355386 -0.507458 0.425097 -0.310925 -0.194817 0.358086 -0.63702 -0.23051 0.561507 0.745905 -0.537798 -0.368957 0.031023 0.807774 0.881106 -0.372963 0.201289 0.131488 0.617461 -0.664666 -0.452565 -0.60529 0.541017 -0.781373 
0.774306 0.305927 -0.282479 -0.898441 -0.788268 -0.242946 -0.816148 0.639217 0.881701 0.207524 0.757917 0.694283 -0.845426 0.0656931 -0.51017 -0.151619 0.682988 0.00670201 -0.748667 0.280817 -0.870491 0.538171 0.157528 -0.409302 0.139097 0.542791 -0.848163 -0.67547 0.207709 -0.0265409 
-0.860144 0.593566 -0.0666631 0.519186 0.863459 -0.867118 0.332468 -0.116707 0.726743 0.325633 0.132102 0.881575 -0.898477 0.856034 0.229015 -0.342299 -0.737895 -0.158163 -0.0942102 -0.465248 0.156265 0.654985 0.709074 0.1475 0.713456 0.728369 -0.639769 0.684293 0.395265 0.538938 
0.806513 0.185074 0.622233 -0.830503 0.902591 0.800277 -0.535778 -0.0445308 -0.700243 -0.828248 0.0646455 0.6827 -0.292721 -0.55544 -0.180232 -0.436038 -0.83491 -0.229219 -0.422971 0.863155 -0.119262 -0.592025 0.405843 -0.130254 0.119145 -0.593457 -0.372038 0.721223 0.183211 -0.681738 
-0.0370759 -0.422477 -0.649858 -0.809734 0.86279 -0.244936 -0.523885 -0.834673 -0.209856 -0.080642 0.736317 0.742094 0.0531064 0.862476 -0.266832 -0.085204 -0.386815 -0.233897 -0.31821 -0.856127 0.28581 0.472935 0.178039 0.836562 0.452072 -0.413023 0.649587 -0.623901 -0.225917 -0.361641 
0.0959468 0.474114 -0.0543936 -0.506282 -0.125787 -0.360427 0.477404 -0.643392 0.834633 0.0403713 0.195499 -0.852985 0.215364 -0.0120558 -0.196041 -0.13336 0.594408 -0.032608 0.866201 0.164411 -0.110117 -0.35217 0.41426 0.14293 0.617512 0.871786 0.151862 0.833305 0.268318 -0.281469 
-0.342287 -0.146903 -0.529879 -0.776811 0.45835 0.399243 -0.398055 -0.376307 0.206352 -0.871939 -0.0873273 -0.485456 -0.812729 -0.333608 0.522124 0.384462 -0.646622 -0.492428 -0.844782 0.50378 0.72503 -0.339458 0.190925 -0.355301 0.530399 0.64038 0.717173 0.554658 0.116516 0.0883697 
-0.878251 -0.390475 0.675593 -0.374765 0.589751 0.714434 0.197918 0.139723 -0.655144 -0.635307 -0.527161 -0.849348 0.366177 0.542431 -0.800665 -0.279759 0.38124 0.153788 -0.407419 -0.67005 -0.0625475 0.459186 0.0254585 -0.252354 0.37694 0.00117845 0.223916 -0.625717 0.450677 -0.787487 
-0.264651 0.385216 0.364693 0.364596 0.0684382 0.585506 -0.725879 0.477329 0.253173 0.732098 0.113363 -0.288853 0.43582 -0.7514 -0.00724353 -0.094914 -0.207295 0.806864 -0.184573 0.696806 0.568445 -0.378558 0.707039 0.746692 -0.53754 0.4402 -0.794625 0.291601 -0.365804 -0.503712 
-0.871787 -0.126295 -0.183383 -0.127414 -0.879058 -0.570296 -0.308077 0.337485 -0.0611805 0.664813 -0.916341 0.598522 0.306136 0.315141 -0.742354 -0.707377 0.364071 -0.161032 -0.302408 -0.266556 0.00744131 -0.133556 0.532185 0.344265 -0.0986863 -0.489848 -0.500337 -0.805948 -0.742751 -0.0403174 
0.900175 0.224608 -0.125068 -0.560423 0.305494 0.566637 0.0818959 -0.0736671 0.465197 -0.216733 -0.310296 -0.557901 -0.566318 -0.697345 -0.494647 0.591722 0.393674 0.664764 -0.468854 0.557512 -0.200117 -0.469082 0.641421 -0.434848 0.0184539 -0.215905 0.467468 -0.771428 0.712887 -0.79802 
0.688087 -0.330499 0.74565 0.599427 -0.596093 -0.895655 -0.755654 -0.26405 0.225983 -0.886918 -0.439964 0.461683 0.731957 0.629083 -0.418253 -0.35989 -0.321148 -0.351607 0.0272612 -0.869822 0.585896 0.414712 -0.408487 -0.777464 -0.537408 -0.411745 0.277786 -0.373871 -0.491707 0.184723 
-0.663056 0.726913 0.146218 -0.267482 0.323144 -0.692184 0.726716 0.120921 0.253597 0.211795 -0.291463 0.245419 0.483112 -0.649402 0.692107 0.466504 -0.129602 -0.625453 0.313824 0.283762 -0.135119 -0.341857 0.605815 0.551846 -0.385335 -0.741739 -0.0367745 0.514061 0.0348296 -0.654116 
-0.18999 -0.367322 -0.50076 0.179433 0.438434 -0.281623 -0.777927 0.530875 -0.740865 0.0227762 -0.0272786 -0.784254 0.061921 0.48752 -0.236225 0.246709 -0.541102 0.0535568 -0.236711 -0.531886 0.173659 -0.331748 -0.114546 0.651535 -0.562508 -0.504067 0.372093 -0.797258 0.162583 -0.528823 
-0.528993 -0.0955599 -0.0955236 0.767414 -0.0694898 0.278195 -0.629986 -0.447246 0.82567 0.726758 -0.594009 -0.785044 0.591249 -0.634197 -0.826742 0.49813 0.785907 -0.259857 0.425398 0.760276 -0.534186 0.145069 0.781694 0.0750021 0.545727 0.37487 0.0325206 -0.0290932 0.526512 -0.547479 
-0.757394 -0.526561 0.603699 -0.507325 0.238582 -0.238523 0.272523 0.641086 -0.576471 -0.492356 -0.702497 -0.767549 -0.821036 0.0565279 0.205725 0.53611 -0.573574 -0.213801 0.523015 -0.6737 0.620316 0.648469 0.785534 0.560285 -0.635124 -0.721891 -0.786656 -0.811575 -0.073859 0.898615 
0.632347 0.712361 -0.28264 0.813948 -0.133774 0.576932 -0.549383 -0.449038 -0.539681 0.119833 -0.593415 -0.483561 0.14816 0.220668 -0.780416 -0.128217 -0.512241 -0.0212874 0.401302 -0.19744 -0.483641 -0.235322 0.45211 -0.0864472 0.740297 -0.011827 0.294821 -0.618285 0.0735296 0.205939 
0.0858842 0.551381 0.405118 -0.185948 -0.850844 0.251336 0.588343 -0.481473 -0.0366411 0.615609 -0.482437 0.323556 -0.447527 -0.283297 -0.0668439 -0.5152 -0.0193236 0.204237 0.731418 -0.0995406 -0.699784 -0.344364 -0.057376 -0.677508 -0.614253 -0.486898 -0.643383 0.755693 0.761722 -0.0512365 
-0.826644 -0.659538 -0.633024 0.799444 0.0641365 0.00246653 -0.551568 0.526845 0.743076 -0.522092 -0.581185 0.695531 0.13664 -0.847482 -0.394755 -0.534693 0.643506 0.0721349 -0.770925 0.517327 -0.69388 0.238435 -0.0754154 -0.477762 -0.250066 -0.304692 -0.213845 0.0363676 -0.598908 -0.0259032 
-0.490823 0.403096 0.70506 -0.611463 0.799301 0.0408259 -0.614023 0.185922 0.711641 -0.40217 -0.272875 -0.101775 -0.352605 -0.520133 0.70002 -0.753115 -0.182235 -0.135126 -0.872261 -0.532415 0.0365815 -0.0288434 0.77286 0.402897 -0.183168 0.61039 0.233199 -0.196071 -0.205823 0.251285 
-0.899175 0.865781 -0.598475 -0.281987 -0.449674 0.0723772 -0.709912 -0.0843775 -0.248797 0.714085 0.211572 0.883664 -0.39826 -0.372406 -0.0387855 0.591378 0.417451 -0.352381 0.737906 -0.746128 -0.498949 -0.816629 -0.749234 -0.273531 -0.114336 0.718456 0.380094 0.480923 0.281687 -0.627471 
-0.0271875 0.550134 0.413193 -0.64716 0.416174 0.818406 0.212619 -0.0487251 0.699483 -0.166127 0.114991 0.689867 0.829669 0.360493 0.343352 0.432531 -0.149875 0.258656 0.548698 0.756405 0.207093 -0.549107 -0.418779 0.586909 0.514049 -0.563167 -0.16505 -0.228137 -0.70149 0.269732 
-0.821921 0.371161 0.093801 -0.169477 0.770263 0.343516 0.471051 -0.402135 0.225669 -0.18609 -0.358946 -0.699222 -0.0367568 0.0151678 -0.710388 0.536191 -0.419345 0.00168907 -0.716799 -0.291767 0.778504 -0.611057 -0.274605 0.746937 0.777765 -0.78199 -0.176779 0.38951 -0.524843 0.0306897 
0.542323 0.335901 0.141893 -0.275582 -0.397027 0.702885 -0.884322 -0.548056 0.528516 0.878153 0.149618 0.240917 -0.336039 -0.000735378 -0.29706 0.29462 0.616634 0.74032 -0.0782645 -0.431458 0.431321 0.363579 -0.0822159 0.674551 -0.81889 0.268163 0.0121754 0.506008 0.579988 0.394937 
0.550424 -0.0268369 0.807962 0.627878 0.593447 0.400414 -0.523329 -0.0950422 -0.08978 -0.872941 -0.0471205 -0.316211 -0.798274 0.452417 0.693905 -0.296912 -0.37814 0.773927 0.557698 -0.282127 0.751099 -0.194451 0.278195 -0.820641 0.246642 -0.639221 -0.0958313 0.341788 0.505391 0.703946 
0.410836 0.480911 -0.829347 -0.518366 -0.590335 0.371504 -0.251586 -0.803033 0.747101 0.331621 0.114863 -0.220816 -0.0365433 -0.581772 -0.748142 -0.15079 0.675572 -0.880611 0.352563 -0.895728 0.686297 0.153542 0.739258 0.483855 0.581324 -0.535211 0.833335 -0.572807 -0.821962 0.193994 
0.823679 -0.734615 0.779533 0.277026 0.457733 -0.0468121 -0.0778989 0.824042 -0.860252 -0.0336528 -0.840446 0.515689 -0.0645952 0.0902666 0.12635 -0.872396 0.468521 -0.79237 -0.804699 0.264425 -0.683712 0.79251 -0.0873523 -0.762519 -0.787248 0.866509 0.678653 -0.61227 0.824541 0.0189779 
-0.317805 -0.144904 -0.419108 0.452084 0.3529 -0.829174 -0.818948 -0.5617 0.374807 0.452367 0.778328 0.161963 -0.625859 0.458056 -0.409385 0.102268 -0.227386 0.277008 -0.567926 -0.101309 0.591023 0.0475899 0.710038 -0.0121717 -0.51211 0.598886 0.278271 -0.126519 0.361466 -0.848015 
-0.716496 -0.446038 -0.498887 0.108605 -0.0206215 0.804263 -0.136142 0.375231 0.142771 0.60287 0.619238 -0.136259 0.33294 -0.872724 0.709694 0.533979 -0.72765 0.698845 0.0222467 0.533363 -0.521923 -0.340784 0.451107 -0.381865 -0.435787 -0.277414 -0.284449 -0.805301 0.146495 0.82655 
-0.332618 0.745504 0.813203 0.11925 -0.184277 -0.839188 -0.143011 -0.465692 0.757279 0.804668 -0.877082 -0.467257 -0.386433 -0.642375 0.714601 -0.641183 -0.568358 0.876064 0.622393 0.638452 -0.693859 0.0840746 -0.766614 0.609253 -0.798133 0.111762 -0.671327 -0.717605 -0.60243 0.21508 

