0.320274 0.0996737 0.201308 0.0212762 0.0972437 -0.830775 -0.365326 0.0786609 -0.748293 -0.481477 
0.351752 0.698021 0.668477 0.325328 -0.835859 0.42051 -0.332118 0.873318 -0.197072 0.73064 
-0.185583 -0.258572 0.749766 -0.101369 -0.0257201 0.339373 -0.175519 -0.737227 -0.512944 -0.0916281 
0.135208 -0.00116788 -0.685774 -0.552396 -0.39422 -0.158677 0.31553 0.377577 0.0248477 -0.327639 
0.136338 -0.516132 0.75496 0.387854 -0.51044 0.851278 0.595023 -0.753783 0.881059 0.350209 
-0.506621 0.484129 -0.140946 -0.577824 -0.0550448 0.329294 -0.238163 -0.368751 0.343343 0.0813566 
0.52087 0.603973 0.132296 -0.224284 0.14182 -0.750153 -0.0472745 0.661003 0.797093 0.541584 
0.358147 -0.771705 -0.456551 -0.307414 -0.173704 0.187502 0.721082 -0.733273 -0.00476035 0.551787 
0.797443 -0.468287 -0.877539 0.225127 0.00924658 0.0795975 0.202394 -0.177368 -0.591439 0.598492 
0.217645 0.719295 0.510783 -0.0198621 -0.217147 -0.597437 -0.113192 0.768863 0.545126 0.182705 
-0.162731 0.091379 0.794054 0.523241 0.606581 -0.392798 -0.476542 0.242368 -0.390204 0.457247 
-0.0308321 -0.776839 0.28818 0.820063 0.268115 -0.486407 -0.439621 0.721849 -0.438457 0.514046 
0.866932 -0.395163 0.195214 -0.538368 -0.45202 0.0357548 -0.0226755 -0.737436 0.331812 0.141442 
0.466083 -0.88979 -0.34445 -0.564555 -0.144658 0.08651 -0.871983 0.211813 0.52251 -0.323697 
0.766649 -0.111425 -0.0628129 0.700348 -0.345138 -0.221926 -0.393442 -0.0149433 0.222518 -0.754481 
0.687614 -0.273642 0.455507 0.52378 -0.0616538 -0.252526 -0.51855 0.613179 0.144852 -0.708464 
-0.097225 0.0426568 0.775825 0.893625 0.0975197 -0.669921 0.302455 0.0153894 -0.0291287 -0.715372 
0.259735 -0.304861 -0.39509 -0.63168 -0.60614 -0.353162 -0.654374 0.329184 -0.204456 -0.285074 
0.0773454 0.67397 0.731033 0.659133 -0.53488 0.175346 -0.867822 0.138822 0.833496 0.425979 
-0.556941 -0.498009 0.254516 0.668352 0.50621 -0.011033 0.615513 -0.60714 0.0460263 -0.877723 

