-0.432104 0.397871 -0.184435 0.27279 -0.811475 -0.818113 0.39264 0.235207 -0.2 0.444416 0.396739 0.506995 -0.443733 -0.866532 0.588644 -0.297797 -0.303865 -0.123313 0.398822 -0.47695 0.843586 0.289881 0.054268 -0.300762 -0.537536 0.475727 -0.372578 -0.317757 -0.481263 0.156415 0.690735 -0.746213 0.484594 -0.891957 0.114613 -0.879861 -0.0980066 0.00353902 0.534252 -0.212586 0.730419 0.505298 0.750727 0.587249 -0.371304 -0.775768 0.578552 0.651713 0.600052 0.164703 
-0.21236 -0.156515 0.175391 0.272109 -0.422663 0.359504 -0.771445 -0.190384 0.366751 0.0486611 0.163228 -0.755078 -0.256552 0.354812 -0.0578005 -0.788287 0.0795529 -0.65503 -0.627577 0.417784 -0.731898 0.507936 -0.295045 -0.688168 -0.0719106 0.599842 0.811247 -0.167138 0.633369 -0.801414 0.649108 -0.524375 0.0857896 -0.0178798 0.746901 0.257697 -0.766452 -0.349669 -0.147575 -0.508956 -0.20744 0.691683 -0.483322 -0.544143 0.839212 0.301089 0.634283 -0.798468 -0.777976 0.139173 
-0.662097 0.876496 -0.64701 -0.450087 0.222333 -0.208886 0.825953 -0.256394 0.0739454 -0.375701 0.892099 0.834155 0.823648 0.668623 0.509682 0.189877 0.850391 -0.0932253 0.610058 0.712796 -0.265112 0.590744 -0.211483 -0.305594 -0.214821 0.262174 0.196236 -0.098086 -0.377153 0.500728 0.395271 0.531723 -0.614778 0.694833 -0.626254 -0.612499 0.209327 0.377786 -0.423309 -0.849281 0.0714134 -0.198796 0.884119 0.324058 -0.0874999 0.306471 0.305246 -0.836778 0.183126 0.319757 
-0.696928 -0.795365 -0.870284 -0.135525 0.839566 -0.396355 -0.181051 0.615782 0.730853 -0.74484 0.816995 0.537372 0.750806 -0.573585 0.755164 -0.487918 -0.698775 -0.617345 0.197051 0.657495 -0.541649 0.284034 -0.634432 -0.53838 0.826679 -0.896546 -0.623253 0.436235 0.688155 -0.765966 0.481552 -0.863142 -0.804886 0.808111 -0.461652 0.152004 0.465216 0.357546 -0.0319354 -0.0638305 0.494171 0.385762 -0.799779 -0.0684932 0.3546 0.542732 -0.279412 0.751101 0.715197 0.506399 
0.610487 0.627043 0.0683378 -0.788808 -0.0236014 -0.0605048 -0.811002 -0.122799 0.535291 -0.657023 0.901673 -0.250589 0.473666 0.783051 -0.66936 -0.621413 0.0257566 -0.758518 -0.257981 0.574504 0.25647 0.386998 -0.695838 0.442357 -0.373313 0.536916 0.623628 0.158703 0.0449693 -0.742792 0.535536 -0.00918876 0.539619 0.555315 0.745406 -0.49239 -0.12689 -0.522512 0.811699 0.00682412 -0.762918 -0.144132 -0.568171 0.319953 -0.0336088 0.423413 -0.27392 0.74635 0.102227 0.779676 
-0.861945 0.674583 0.850606 0.82592 0.793628 -0.0607588 -0.124234 -0.108875 -0.654624 0.244353 0.0754627 0.364327 0.5456 0.103898 -0.836795 -0.515025 0.337448 -0.445989 -0.176713 0.59839 0.284213 0.870155 -0.256084 0.363837 0.344601 0.631234 -0.0521517 -0.316373 0.159758 -0.18866 0.587186 0.617046 -0.736949 -0.56884 -0.442161 0.586231 -0.0751381 -0.0959638 0.702233 -0.0629447 -0.496027 0.881823 0.857315 -0.552593 -0.821893 -0.0797736 0.642493 0.211345 0.249143 -0.412305 
-0.353437 0.306523 -0.682997 -0.0413872 -0.297952 0.348721 -0.00286477 0.0467821 -0.427977 -0.818153 0.896654 0.713689 0.595352 -0.0925929 -0.37544 0.215002 -0.69034 0.879001 -0.593732 -0.272183 -0.21856 0.590272 0.0851614 0.839721 0.0488871 -0.252852 0.678177 -0.320077 -0.612696 0.0600087 0.376977 0.555514 0.109319 -0.536566 -0.0196632 -0.258703 0.149482 0.741929 0.410059 -0.668857 -0.79708 0.861748 0.438719 0.867721 0.165885 -0.0300809 -0.0540912 -0.0335072 0.0801096 0.167753 
-0.885578 0.761008 -0.488862 0.295753 -0.502343 0.571215 -0.281784 0.103139 0.877207 0.0959078 -0.877356 -0.53494 0.918197 -0.297051 0.313049 -0.33471 -0.849595 0.758089 0.642393 0.764236 0.34714 0.60895 0.203369 -0.840664 0.614072 -0.367904 -0.271468 -0.793619 -0.011112 -0.838549 0.267679 0.633453 -0.113758 -0.667516 -0.790481 -0.70413 0.644955 0.0381052 0.90231 -0.480191 -0.661696 0.831792 -0.316192 -0.547077 -0.91473 -0.760568 0.405626 0.552921 -0.107931 0.0587534 
-0.0705932 -0.605524 -0.0841302 -0.427854 -0.0192044 -0.0668771 -0.0667793 -0.582044 0.80456 -0.346318 -0.227484 -0.165934 0.0896558 -0.0664136 -0.598137 0.612036 -0.163834 0.518103 -0.32097 -0.0953473 -0.0314124 0.501952 -0.78522 -0.0182254 0.745358 -0.527831 0.58249 0.863829 0.231958 -0.137301 -0.184309 0.110524 0.692224 -0.671104 0.49955 0.683249 0.40185 0.740106 0.373444 0.31231 0.618937 0.19186 0.0375114 0.0490528 -0.459593 0.510205 0.889646 0.154236 0.109774 -0.891493 
-0.892029 -0.0754271 0.714337 -0.122994 0.653151 -0.0026398 0.758876 -0.746597 0.481056 0.267217 -0.211896 0.153866 -0.304174 -0.681594 -0.142267 0.86807 -0.18565 0.0259875 -0.698267 0.228928 0.523012 -0.326237 0.284741 -0.341106 -0.541861 0.310094 -0.730122 -0.198456 -0.213169 0.882515 -0.393868 0.528127 -0.892689 0.464421 -0.469205 -0.528036 -0.428483 -0.505705 -0.636159 0.649633 -0.705114 -0.448192 0.717708 0.422504 0.398869 0.224712 -0.338657 -0.804412 -0.162646 -0.350276 
0.151779 -0.89164 0.240062 0.488352 0.254472 0.237576 0.429979 -0.740342 -0.855325 -0.60961 0.718454 -0.888572 0.055889 -0.564554 -0.400223 0.205695 0.619845 0.447031 0.643475 0.0435149 0.657494 0.399236 0.784803 -0.649194 -0.490839 -0.860682 -0.475996 -0.417619 0.83034 -0.831333 0.177314 -0.335383 0.719276 0.113313 0.844439 -0.176522 -0.239358 0.325655 0.0221883 0.412151 0.0174187 -0.556017 0.793869 0.246296 0.312247 0.501372 0.893223 0.189997 -0.794886 -0.695725 
0.744756 -0.631253 0.787362 -0.0686742 -0.263799 0.443804 0.747797 0.159199 0.334944 0.480693 -0.106443 -0.789018 -0.757144 0.462629 -0.120334 -0.175316 -0.416766 -0.359815 -0.889533 0.462895 -0.717044 0.611716 0.492228 -0.0755842 0.806799 0.0685017 -0.639569 0.129303 -0.898018 -0.0786029 0.149675 -0.453044 0.373662 0.259561 -0.741641 -0.600603 0.246435 0.554496 0.601405 -0.441362 0.346166 -0.262128 0.195468 0.673576 -0.00853012 0.502574 0.536592 0.875166 0.350782 -0.0245255 
-0.297866 0.753184 -0.840519 0.613887 -0.199511 -0.245889 0.204905 -0.540288 -0.314483 0.783552 0.459492 0.70079 0.868709 -0.325692 -0.885136 0.0437709 0.433178 0.663612 0.223381 0.872143 0.367087 -0.719956 -0.326693 0.805614 -0.0325157 0.0768301 -0.0783861 0.0891878 -0.347111 0.173862 0.209166 -0.62435 -0.476467 -0.546569 0.0967137 0.595824 -0.117045 -0.88248 0.749899 -0.288953 -0.759335 0.890672 -0.322608 -0.592478 -0.782956 0.048053 0.153297 0.134306 0.433985 -0.0793087 
0.636293 0.449192 -0.387054 0.342109 -0.718944 -0.0221538 -0.687316 0.0451431 -0.079938 0.616644 0.148427 -0.714022 0.842354 0.35101 -0.343153 -0.178798 -0.350768 0.447413 -0.496753 0.222474 0.518434 -0.785572 0.0813118 -0.617409 -0.103515 0.886846 0.288534 0.875667 0.817124 -0.87397 0.833386 0.24537 -0.529415 0.551604 -0.0935012 -0.431645 0.790312 -0.741077 -0.351475 0.251679 -0.0162844 0.327157 0.231675 0.184982 -0.604421 0.477255 0.701821 -0.254755 -0.182512 -0.881835 
0.550089 0.868655 0.0819677 0.37177 -0.885694 -0.412857 0.728647 -0.446552 0.184137 0.749097 0.0397491 -0.785904 -0.787886 -0.410496 -0.768323 0.320322 -0.355679 0.115622 0.463443 -0.329321 -0.455771 0.755252 0.739123 -0.0434981 -0.0482493 0.741376 -0.404815 0.83243 -0.124319 0.454929 -0.199577 -0.59083 -0.445557 -0.22868 -0.358466 -0.485172 0.336944 -0.63495 0.385257 -0.485244 0.732627 0.328176 0.0707032 0.368478 0.665734 -0.723429 -0.261514 0.540779 0.828953 -0.672458 
-0.747121 -0.87808 -0.424344 0.692687 -0.456866 -0.642212 0.410769 -0.442367 0.534566 -0.482203 -0.808501 -0.438861 0.292872 0.665908 0.751696 0.318545 -0.154531 -0.552805 0.535583 0.248075 0.690603 0.505115 -0.786482 -0.281763 -0.540572 0.365018 0.26837 0.626026 -0.0418494 -0.485778 0.356756 -0.707533 -0.852533 -0.0973213 -0.862092 0.614205 -0.336002 -0.787728 -0.550935 -0.747314 -0.479836 0.718799 0.758762 0.775209 -0.0520836 -0.863317 -0.718711 -0.116028 -0.660401 -0.434728 
0.840583 0.272848 -0.135281 0.0992167 -0.738186 -0.85332 -0.325713 -0.751837 -0.0142019 0.392255 0.221903 -0.688019 0.726156 -0.0579098 0.609926 -0.192131 0.788498 -0.750459 -0.809937 0.615137 -0.543592 -0.576196 0.302952 -0.344634 0.242549 -0.0268823 -0.743945 0.120288 -0.500891 -0.854059 0.353858 -0.0612385 0.171623 -0.671953 -0.782472 0.598357 0.0968553 0.149128 -0.894535 0.205623 0.417228 0.546614 0.142639 -0.725698 -0.650858 -0.377237 -0.35931 0.803586 -0.706572 0.845529 
0.0289162 0.73604 -0.0270784 0.83275 -0.596261 -0.204157 0.342404 0.0873323 -0.266023 -0.672289 -0.743463 -0.41977 -0.485292 -0.494159 0.581717 -0.294251 0.229292 0.355074 0.434287 0.461289 0.0880059 0.28368 0.168934 -0.255192 -0.442144 0.193331 -0.465418 -0.0154308 0.479813 -0.512896 0.485886 0.0918815 -0.446234 0.842381 0.842561 -0.0862051 0.389815 -0.707466 -0.583695 -0.00575611 0.320613 0.635737 -0.338756 0.0660249 -0.0762026 0.353002 0.891526 0.721687 -0.278613 -0.821466 
0.799514 0.203579 -0.656635 0.852372 -0.876841 0.599966 0.444761 0.181651 -0.837516 -0.173395 0.726466 0.551516 0.815084 0.492976 0.289583 0.0480692 0.481701 -0.515283 -0.69499 -0.769031 -0.0255621 -0.337723 -0.0772177 -0.830764 -0.808051 -0.0655215 0.0513616 0.114745 -0.215378 0.633584 -0.851593 0.892309 0.582493 0.585809 0.115561 0.61715 -0.542418 -0.283145 0.264118 0.358414 -0.589594 -0.673445 -0.425687 0.743662 0.727192 -0.519152 -0.731455 -0.783662 -0.476599 -0.828621 
0.248008 -0.771085 -0.431847 0.630504 0.713061 0.173555 -0.0527893 0.520636 -0.771109 -0.654356 -0.446969 0.230066 -0.239521 0.112688 0.870233 0.446951 -0.554029 -0.812652 0.700824 0.0712982 -0.501821 0.171234 -0.244057 -0.0252789 0.465932 0.817745 0.567684 0.0658775 0.193576 -0.337435 0.620343 0.504185 -0.24347 -0.770129 -0.522453 -0.66516 0.218668 -0.340272 0.345819 -0.377518 -0.21176 -0.611621 -0.194265 -0.503938 -0.555493 0.0985913 0.0731002 0.455737 0.699349 -0.605151 
0.353238 -0.328627 0.552324 0.655295 0.784207 -0.0448626 -0.716083 0.407399 -0.879058 0.774066 0.169808 -0.175432 -0.0616894 0.462395 -0.847845 0.423329 -0.221527 -0.578017 0.676723 0.383106 -0.832409 0.224603 0.739248 -0.433878 -0.195415 -0.862161 0.0324868 0.730344 0.498092 -0.00643581 -0.744988 0.356312 -0.664831 -0.719812 0.802134 0.552017 -0.190661 0.699126 0.219342 0.261718 0.752343 -0.763849 -0.896255 0.733191 -0.901612 -0.845099 0.660743 -0.00296089 -0.466176 0.426138 
-0.668835 0.634612 0.792613 0.444398 0.519243 0.428644 -0.117821 -0.655471 -0.426395 0.163036 0.397146 0.293538 -0.792483 0.029901 0.73311 0.351422 -0.239694 -0.181465 -0.379591 -0.181728 -0.852109 0.843772 0.267661 0.502193 0.236437 0.163292 -0.67165 -0.26524 -0.116913 -0.471819 -0.0950335 0.374164 0.287638 0.024765 0.640892 0.691185 0.214405 -0.646331 0.104042 -0.384829 -0.0764378 0.788394 -0.452952 -0.56596 0.423079 -0.740304 0.81156 -0.774593 -0.0850695 0.324661 
-0.516818 -0.170474 -0.762419 0.671147 0.108208 0.350468 0.597589 0.307936 -0.239012 -0.0246566 -0.640857 0.654643 0.303296 -0.506879 -0.847513 -0.35206 0.247645 -0.252367 -0.540524 -0.408706 0.26756 0.692671 0.851596 0.544509 -0.0594862 0.556261 0.318124 -0.776808 0.351228 -0.285927 0.189961 -0.297914 0.19071 -0.90898 0.661714 0.43446 0.512544 0.7713 0.0117317 0.335777 0.0184662 0.0514987 -0.200515 0.0886576 0.1364 -0.613672 -0.714831 -0.0149623 0.891622 0.563154 
0.632301 0.285963 -0.420461 -0.590693 0.519259 0.368948 -0.0986139 0.811531 0.58858 0.45369 -0.840617 -0.360431 0.810308 0.588096 -0.125304 -0.0769696 0.326211 0.356025 -0.749239 0.208691 -0.630028 0.426847 0.13129 -0.522201 -0.50914 -0.583923 0.809912 0.088561 0.286878 0.804773 -0.0400201 0.0739639 0.795231 0.430603 0.348886 0.35427 -0.334096 -0.185307 -0.768372 0.0839624 -0.85836 -0.400241 0.380714 -0.000429063 -0.445682 0.703896 -0.684621 0.113414 0.408503 -0.482547 
0.428458 -0.599209 -0.846956 -0.697043 -0.170828 -0.715628 0.132028 -0.589796 -0.0100201 -0.95019 0.636341 -0.690095 -0.138978 -0.816362 -0.857989 -0.0857318 -0.779588 0.612104 -0.341028 -0.878903 0.923966 0.00896653 -0.29504 0.0959736 0.824521 0.673047 0.61388 -0.86341 0.835886 0.420629 0.279856 0.176244 0.465109 -0.626452 -0.824127 -0.725317 -0.825289 0.0978337 0.170337 0.571317 0.217981 -0.441676 -0.676702 -0.572167 0.456767 -0.103717 0.477289 0.474487 -0.340148 -0.842115 
0.123098 -0.841258 0.37523 0.807551 -0.837404 0.807252 0.244563 0.243997 0.709556 -0.675137 -0.783314 -0.728493 0.31841 0.667781 0.405885 -0.366615 0.616801 -0.243468 0.710679 -0.131419 -0.114067 -0.530015 0.0255709 -0.571675 0.469159 0.371227 0.646574 -0.722837 0.257851 -0.8528 -0.869285 -0.0135475 0.30915 0.243876 0.443117 -0.174112 0.565238 0.637268 0.57515 0.443096 -0.0574838 0.57201 0.81088 -0.688523 0.258625 -0.458518 -0.132118 0.343193 -0.0493417 0.330033 
-0.221314 -0.354409 0.498697 -0.269368 0.621957 0.322993 -0.172088 0.690435 0.569231 -0.471089 0.866716 -0.626413 -0.454625 0.616876 0.326731 0.00871357 -0.327348 -0.0937394 -0.850892 0.493654 0.530238 -0.142749 -0.831337 -0.739213 0.179686 -0.664596 0.32325 0.103255 -0.344905 0.0174866 0.535898 0.237842 -0.202595 -0.497669 0.148743 0.493388 -0.23247 0.370694 -0.334129 0.698721 0.65008 0.729446 0.255639 0.864 0.533257 -0.420293 -0.587387 -0.0806858 0.25229 -0.580755 
-0.757768 -0.153671 -0.0945199 0.894278 0.329718 -0.590997 0.607534 -0.915073 -0.556796 0.529039 0.1262 0.517436 -0.0517884 0.424977 0.907254 0.820423 0.898499 0.161542 -0.145344 -0.275699 0.537968 0.0860414 0.487626 0.744632 0.0506738 0.736019 0.126166 -0.887347 0.832171 -0.521234 -0.352615 0.822108 -0.731849 0.910623 -0.462687 0.364595 0.243266 -0.519228 -0.515948 -0.0944678 -0.214576 0.105547 -0.732218 0.242965 0.629425 0.726345 0.561901 0.083018 0.415185 -0.840709 
0.673111 -0.653943 0.712272 0.439124 -0.388762 0.637145 0.263244 -0.702274 -0.908946 0.794507 -0.876209 -0.667836 -0.00231124 -0.667725 0.504321 0.0324922 -0.403322 -0.272982 0.21954 -0.567473 0.811881 -0.553042 -0.632219 -0.25331 -0.790764 0.728495 -0.790347 0.494544 0.371671 -0.294406 -0.660144 -0.270875 -0.0798145 -0.213922 0.165331 0.597741 0.246997 0.376035 -0.343371 -0.826697 0.60784 0.800971 0.406176 -0.0432334 -0.834192 -0.204428 -0.0639414 -0.406546 0.682479 0.670396 
-0.103056 -0.355676 -0.752103 -0.189829 -0.661711 0.41365 0.469594 0.637514 0.53308 0.349233 0.676952 0.171465 0.234474 -0.492153 0.0792031 0.749547 0.550753 -0.00431998 0.458754 0.317322 -0.664155 -0.245106 -0.401992 -0.622998 0.647793 -0.20178 -0.229596 -0.241445 -0.75931 0.757298 -0.547233 -0.615594 -0.749782 0.223568 0.882088 -0.169595 -0.516997 0.782872 -0.857591 0.032995 -0.0552983 -0.182512 0.949622 0.763161 -0.79153 0.809932 0.134611 -0.600535 -0.676855 0.215994 
0.354001 -0.856075 0.401388 0.561816 0.637173 0.529341 0.41464 -0.681103 0.3643 -0.219915 -0.0520197 0.714274 -0.743551 -0.69439 -0.688327 0.46327 0.643209 0.100501 -0.309193 0.877416 0.133291 0.753819 0.814744 0.267852 -0.828042 -0.690552 -0.509669 -0.271131 -0.842851 0.387336 0.769142 -0.0571598 0.51899 -0.608194 -0.250959 -0.689099 0.217559 0.412348 -0.0723392 0.827794 -0.561147 -0.0814873 -0.161622 -0.584227 -0.527888 0.510746 0.197803 -0.492526 0.132261 -0.620474 
0.608174 0.723908 -0.109572 0.42617 -0.2119 -0.00650465 0.828745 0.569668 -0.758844 -0.674373 -0.698567 0.440838 -0.60759 -0.363554 -0.170736 0.429233 -0.108476 0.627457 -0.3478 -0.331469 0.188794 0.427755 0.799839 0.205831 -0.557262 0.538972 0.210069 -0.668462 -0.654592 -0.822781 0.00671606 -0.345964 -0.289801 0.138604 0.342831 0.0985059 0.383888 0.561945 0.512143 -0.232419 0.285312 0.347395 -0.634778 0.782556 0.415288 0.77184 0.302138 0.871566 0.306448 0.422471 
0.661147 -0.285056 0.321482 -0.259754 0.890592 0.113884 -0.535 0.312571 -0.362804 0.838986 0.39751 0.277606 0.367783 -0.857998 0.384374 -0.100915 -0.201419 -0.177625 -0.506514 -0.465698 -0.638979 -0.378877 0.398456 -0.184412 0.583723 0.148563 0.748727 -0.20115 0.32275 0.0520495 -0.413532 0.849357 0.884365 -0.611109 -0.850558 0.358429 -0.136722 -0.041247 0.243461 -0.262833 -0.614669 -0.790026 -0.264245 -0.619044 -0.101478 -0.898428 0.385664 -0.482356 0.732454 0.225774 
-0.43405 0.126466 0.866558 -0.100787 0.809717 -0.787166 -0.080083 0.0793082 -0.521994 -0.844329 -0.17146 -0.532407 -0.0494729 -0.434549 -0.167626 0.454426 0.386035 -0.035796 0.0853465 -0.363781 -0.121006 0.304683 0.268524 -0.384131 -0.878138 0.697226 -0.418286 -0.758487 0.335402 -0.330596 -0.0297175 0.251497 0.556795 0.275145 0.817573 -0.418653 -0.0760675 0.680496 0.640478 -0.835699 -0.360355 -0.449988 0.0822659 -0.0923444 -0.87915 0.661075 -0.671723 0.43165 -0.422357 -0.315336 
0.186381 0.291641 0.623816 0.616338 0.789987 -0.497994 -0.757141 0.635088 -0.0457347 -0.189255 0.439102 0.705137 0.41676 -0.823883 -0.263263 0.635193 0.510162 -0.629454 0.217053 0.168208 0.785151 -0.680965 -0.0964049 -0.0370248 -0.387251 0.299956 0.697478 0.00444582 0.75256 -0.878825 -0.776031 0.73137 -0.867209 -0.823122 0.292218 0.142142 -0.227244 0.504958 0.123003 0.0296214 -0.230999 -0.194813 -0.676966 -0.661087 -0.32264 -0.712404 0.813137 -0.43586 0.281107 -0.687892 
-0.539158 -0.276631 -0.3289 0.777197 0.287196 -0.545838 -0.86021 0.0126667 -0.886231 -0.455297 0.415495 -0.177053 -0.403327 -0.782957 -0.670798 -0.534813 0.405094 0.838271 -0.785931 -0.20411 -0.000239578 0.70579 -0.438966 0.610247 0.923659 0.432629 0.129442 0.718987 -0.929829 0.311037 -0.462188 0.835826 0.189119 -0.32186 -0.0693722 0.517145 0.427175 -0.822641 -0.649639 -0.016489 0.769549 -0.0627353 -0.134777 0.313918 0.793019 0.845859 -0.665739 -0.350179 -0.716414 -0.295513 
0.859498 -0.629149 0.753545 -0.0202638 0.80995 0.688701 0.174922 0.57181 -0.473505 0.846731 -0.841826 0.117132 -0.272734 -0.394996 -0.692535 -0.298437 -0.249171 -0.211439 0.496291 0.172966 -0.393604 0.672993 0.85539 -0.0678899 -0.121769 0.396527 0.549108 0.283331 -0.270613 -0.0660637 -0.0655741 -0.0740831 0.0625583 -0.480202 -0.264542 -0.772726 -0.00814309 -0.2785 0.354527 0.872977 0.213042 0.0280751 -0.676429 0.252547 0.406118 0.778643 -0.167239 -0.103421 -0.541209 0.278203 
0.187801 0.675814 -0.84969 0.851034 -0.0735822 0.708659 0.470293 0.0787755 -0.20569 0.76124 0.527596 -0.183469 0.136339 0.751316 -0.559793 -0.698099 -0.0830274 0.419141 -0.339727 -0.582235 -0.132358 0.235423 0.0773826 -0.0330446 0.085539 -0.429625 -0.701437 0.4127 0.401638 -0.423363 -0.139927 -0.644043 0.778163 0.486261 -0.599832 0.885847 -0.440522 -0.440637 -0.123937 -0.513503 -0.728213 0.387951 -0.88979 -0.229865 0.190002 0.232571 -0.759772 0.803655 -0.60064 -0.87723 
0.0364805 0.843361 0.281733 -0.336801 0.0213459 0.0587353 0.650971 0.436235 0.78082 0.236783 -0.761696 -0.0344274 -0.707657 -0.0510039 -0.464244 -0.729734 -0.908056 -0.562952 -0.257105 -0.541781 -0.528788 0.0829589 -0.602266 0.192764 -0.45693 0.553637 0.16714 -0.215562 -0.443507 0.590016 0.830423 0.167333 -0.927297 -0.105572 0.260374 0.451501 0.530868 -0.295498 0.914693 0.667585 -0.0331116 0.654333 0.617799 -0.0910473 0.314999 0.636777 0.448196 -0.520786 -0.160319 0.00966852 
0.797413 -0.509901 -0.877794 -0.372401 -0.625699 0.732181 -0.401139 -0.876014 0.682499 -0.113905 -0.121188 0.389351 -0.73154 0.669115 -0.576246 0.331738 -0.575686 0.0330106 -0.603705 -0.357315 0.781381 -0.720359 -0.665372 0.225842 -0.443783 0.439459 0.603959 0.33405 -0.541124 0.000286775 0.198483 0.462179 0.662645 0.737538 0.877396 -0.154483 -0.195287 0.51573 0.698647 -0.159677 0.230955 -0.112658 0.519171 -0.678604 -0.349224 0.52642 -0.0388942 -0.0777546 0.568486 -0.538786 
-0.285769 0.100139 0.812928 -0.139748 -0.78377 0.605384 -0.390554 0.331071 0.587198 0.546827 0.849776 0.7823 -0.23957 -0.228555 0.341451 -0.787483 0.653544 -0.685601 -0.836162 0.650371 0.356157 0.325728 0.797727 -0.216062 -0.889056 0.127107 -0.659058 0.253199 0.110484 -0.0919739 -0.751303 0.664085 0.340135 -0.753221 -0.853278 0.509619 -0.683657 0.771696 -0.144875 -0.0709345 0.114354 -0.378867 0.0277224 0.690365 0.1473 -0.0645918 0.338533 0.648474 -0.79573 -0.462218 
-0.757158 -0.528191 -0.743481 0.593977 -0.815845 0.406556 0.423628 0.413185 0.0664865 0.357601 -0.77747 -0.0416827 0.51162 -0.395015 -0.535081 -0.42915 -0.743643 0.10226 0.646512 0.245952 0.362001 -0.204227 -0.318153 0.0469189 -0.217736 -0.064346 0.78959 -0.748696 0.900284 0.380839 -0.843671 -0.226135 0.262808 -0.867864 0.793903 -0.175735 0.243509 -0.827601 0.79897 0.830058 -0.680745 -0.477625 0.577761 0.0260801 0.121998 -0.434125 -0.613806 0.500781 -0.629631 -0.696937 
0.301387 0.811002 0.728523 -0.828503 -0.470333 -0.68466 -0.768629 0.821379 0.644014 -0.313022 0.339811 0.235558 -0.746627 -0.844303 -0.286545 0.809727 -0.294433 0.43475 -0.200196 -0.363587 0.673497 0.71127 0.566506 0.591877 -0.147717 0.283561 0.646223 -0.756661 -0.25654 0.0882401 -0.374618 -0.27632 0.817032 0.705781 -0.369691 0.16033 -0.635205 -0.101654 0.53097 0.373645 0.545778 0.114919 -0.0838283 0.707147 0.0346312 0.109613 0.365668 0.729927 -0.434298 -0.265023 
-0.831193 0.878039 -0.157553 -0.511624 0.0816927 -0.0134102 -0.0633725 0.629808 0.528474 0.00802241 -0.676876 -0.843414 0.617432 -0.170088 0.441243 0.611102 0.777203 0.0935661 0.56703 -0.154968 -0.312908 0.636976 -0.896779 0.647073 0.562362 0.592906 0.416547 -0.324813 0.732389 -0.603531 -0.360799 0.864405 -0.556783 0.540684 0.043071 0.436925 0.0792406 0.0131028 -0.838202 0.277906 0.197377 0.521784 -0.31119 0.823305 -0.586479 0.463766 0.432253 0.298415 -0.433936 -0.87168 
-0.111751 0.149871 0.850389 -0.862414 -0.195577 0.664301 0.0285568 -0.545309 -0.639767 0.607089 0.461111 0.577247 -0.468655 0.869745 -0.766969 0.617403 -0.619367 -0.379841 -0.191535 -0.284803 -0.211446 -0.571655 -0.877674 -0.371591 -0.797974 0.624519 0.140129 0.534345 0.0705856 -0.463759 -0.11067 0.696416 0.330996 -0.384254 0.348005 0.798814 0.174189 0.152271 0.386983 0.779674 0.358403 -0.49428 0.610875 -0.170388 0.0302618 0.820456 -0.0386726 0.517642 -0.511128 0.760513 
-0.842571 -0.0806971 -0.675683 0.636958 -0.858476 -0.771445 0.575264 0.0154197 0.679277 0.870712 -0.144628 -0.607911 -0.783018 0.527068 -0.0128866 0.490325 -0.533089 -0.716149 -0.27485 -0.49173 0.482841 -0.0036781 0.536837 0.563894 -0.362867 0.631626 0.315296 0.316233 0.708075 0.351304 -0.853691 0.0628563 -0.625413 0.278464 0.621564 -0.388668 -0.275397 -0.619882 0.114177 -0.162726 0.242558 -0.69469 -0.427933 -0.372302 0.26736 -0.611783 0.18771 -0.181668 -0.661034 -0.12956 
-0.0796575 0.138365 0.547504 -0.717378 0.590846 -0.650866 0.566482 0.0642904 0.257937 0.247531 -0.368803 0.149898 -0.636383 -0.259492 0.106896 -0.561631 0.202985 -0.646893 0.106905 -0.853616 0.163415 -0.8072 -0.82138 0.411318 -0.211577 -0.332562 0.69012 0.594456 0.533077 -0.427823 0.390082 0.506501 -0.00692923 -0.83521 0.866281 -0.154125 0.273879 -0.0938112 0.577212 -0.0739316 -0.514494 0.207658 -0.485115 -0.389445 -0.725012 0.638785 0.834805 -0.628067 -0.897811 0.678206 
-0.053198 -0.436804 0.712408 -0.489356 -0.17894 0.890174 -0.0244664 -0.00519051 -0.446073 -0.156811 -0.682451 -0.699691 0.547197 0.376797 -0.0936518 -0.405422 -0.733445 0.246535 -0.803652 0.710299 0.475756 -0.150864 -0.170607 0.280129 -0.0956259 -0.851659 0.161018 -0.276781 -0.434056 -0.751744 -0.647199 0.434175 -0.381973 0.0993645 -0.634553 -0.203049 -0.0590368 -0.589632 -0.395717 -0.0699233 0.608191 0.136602 0.554109 0.0754216 -0.753583 -0.82646 -0.905703 0.0335412 -0.802145 0.81535 
0.109226 -0.71837 0.265381 0.659076 -0.888672 0.113605 0.0223597 0.316053 0.404516 0.339292 0.335676 0.161539 -0.823413 -0.445056 0.23883 0.342484 -0.0126529 0.721361 -0.022409 -0.329401 -0.336935 -0.494455 -0.886819 0.0762031 -0.318126 -0.441774 -0.541525 -0.233715 0.598556 0.641264 0.0735271 0.264254 -0.854654 0.088932 0.84639 -0.141686 -0.381934 0.870552 0.816269 0.560618 0.288004 0.425308 -0.0273363 0.278038 0.137878 0.544531 -0.540887 0.420954 0.667846 -0.00451421 
-0.527669 0.544085 0.848191 -0.577457 -0.727035 0.297592 -0.28569 0.153106 -0.375699 0.785772 -0.186572 0.438457 -0.225047 0.646498 0.536196 -0.252022 -0.309779 0.681207 0.736258 0.452707 -0.0981642 0.294574 0.106981 -0.0310943 0.67861 -0.367361 0.477011 -0.528739 -0.507095 -0.663487 -0.64548 -0.84672 -0.0554095 0.716131 -0.742306 0.833305 0.368573 0.353777 -0.655409 0.125847 -0.347304 0.053271 0.507092 -0.340825 -0.4458 -0.337747 -0.753499 -0.200356 0.806892 -0.431452 
0.674402 -0.620257 -0.329885 -0.677286 0.741188 -0.134008 0.721377 -0.41497 -0.444609 0.452085 0.784773 0.717858 0.212691 0.590678 -0.196079 -0.305945 -0.198469 0.487816 -0.732621 -0.611192 0.434249 0.054142 -0.0763395 -0.0701217 0.176808 -0.376546 -0.285321 0.692103 0.802632 -0.618619 0.264921 0.824399 -0.0843007 -0.500327 0.130771 0.216834 0.56398 -0.180529 -0.900791 0.285124 -0.36769 0.0750713 -0.84141 0.614047 0.814924 0.886435 -0.456488 -0.225133 0.712656 0.588509 
0.724121 0.569895 0.327769 0.811904 0.0283786 0.524126 -0.867265 -0.425416 -0.864696 0.560636 0.658711 0.867653 -0.113415 -0.890757 -0.519185 -0.149172 -0.505903 0.0166831 0.858706 -0.126386 0.525898 -0.292291 -0.318457 -0.873485 0.477479 -0.375026 0.497609 -0.216858 0.816121 -0.559926 0.70316 -0.56565 0.723902 0.112237 0.794403 -0.0196013 0.129174 -0.440464 -0.883773 -0.446934 0.0408336 0.712257 0.653991 0.0608955 0.761117 -0.899722 0.407812 -0.195222 -0.296557 -0.255313 
-0.661507 0.808745 -0.0598792 -0.150181 -0.48524 -0.231409 0.347018 0.705872 0.538436 0.0814307 -0.6781 0.303409 -0.834896 -0.171415 -0.33846 0.35528 -0.511767 -0.505462 -0.457375 0.198565 0.67289 0.55648 -0.236673 -0.588836 -0.482078 0.17349 0.496774 -0.865883 -0.0888128 0.392114 -0.850178 -0.416862 -0.139091 0.751718 0.488781 0.73543 0.813948 -0.110055 -0.440098 -0.637863 -0.55831 -0.0337247 0.242612 -0.461036 -0.366699 0.628876 0.451022 0.0318848 0.396804 0.123921 
-0.327296 -0.390473 -0.424836 -0.726973 -0.0517323 -0.48801 0.073941 -0.364812 0.559606 -0.699134 0.770885 0.149289 0.0620085 0.0192716 0.723394 -0.458275 0.0816708 -0.532121 0.815954 -0.0612013 -0.154595 -0.276033 0.834781 -0.419 -0.105648 -0.26485 0.617469 -0.708618 -0.201196 -0.668759 0.710017 -0.848373 0.839251 0.452232 0.475564 -0.511985 -0.401267 0.595635 -0.264092 0.742918 0.110811 -0.0464234 0.0104857 -0.735627 0.154813 0.846804 -0.545877 0.0260272 0.306849 -0.682017 
0.750828 -0.508971 0.538983 -0.676401 0.911825 0.712699 0.805566 0.733692 0.375442 0.560331 0.0467069 0.695239 0.730693 -0.416328 0.60476 -0.76314 0.621206 0.532868 0.0768528 -0.132338 -0.332783 -0.551604 -0.369152 -0.801752 0.165451 0.756063 -0.110511 0.747725 0.578769 0.0356896 0.169951 0.347871 0.429 0.208909 -0.495884 -0.846172 -0.611332 -0.263323 0.150965 -0.855796 -0.198119 0.535311 0.662812 0.775322 -0.105286 -0.108293 -0.744431 0.536785 -0.535197 0.690454 
0.565279 -0.206992 0.601651 0.713979 -0.712694 -0.158816 0.453406 -0.766529 -0.658469 0.484661 0.24075 -0.305931 0.311836 0.570524 -0.622599 0.358954 -0.403391 -0.0876124 -0.00217721 0.738002 -0.614672 0.529575 -0.76614 0.849117 0.126391 -0.127727 -0.10288 -0.463267 -0.726725 0.289139 0.365582 0.803033 -0.169969 -0.740601 -0.424498 -0.410012 -0.447551 0.772676 -0.399948 -0.0733471 0.302822 -0.22672 -0.250059 -0.402434 -0.608832 -0.755806 -0.429746 0.377355 0.891711 -0.19848 
-0.347053 0.663956 0.760933 -0.275311 -0.130855 0.432973 -0.0108662 0.33521 0.418051 0.158349 -0.875665 0.286435 -0.174211 0.478196 0.0320558 -0.698694 -0.624549 0.732898 -0.141808 -0.694215 -0.493786 -0.403713 0.468484 0.366429 0.763655 -0.294076 -0.725654 0.620709 -0.516315 0.0287903 -0.853508 -0.858515 -0.776158 -0.892401 -0.316555 -0.621701 -0.776585 -0.896081 -0.365336 -0.561122 0.514208 -0.432011 -0.533901 -0.669522 -0.310674 0.682146 -0.795292 0.488024 -0.172131 0.878762 
-0.76534 0.18801 -0.823563 -0.440518 0.0866987 -0.0548698 0.313197 -0.327883 -0.818658 0.254662 -0.739303 0.43121 0.0263717 0.150793 -0.462129 -0.374038 -0.301937 0.131757 0.111751 -0.839728 0.24855 0.770689 0.848679 -0.257028 0.75093 -0.0153301 0.916626 -0.102888 -0.591092 0.557632 -0.849121 0.431079 0.707245 -0.817369 -0.527352 0.34191 0.166904 -0.032385 0.342785 -0.768808 0.891352 -0.728774 -0.244027 -0.531394 -0.821261 -0.158736 0.622005 0.16165 0.017886 -0.376909 
0.697633 -0.26717 0.0139535 -0.12009 -0.238783 0.0192938 -0.310215 -0.205567 -0.674065 0.442331 -0.837686 0.362524 0.220906 0.186756 0.650995 0.13219 0.439806 -0.207818 0.730822 -0.125067 -0.2782 -0.222025 0.319017 0.256708 0.528261 -0.3191 -0.185634 0.853828 -0.143852 0.0624911 0.521102 -0.36802 0.689568 0.422606 -0.241669 0.575012 0.661807 -0.346766 0.521598 -0.370214 0.750847 0.715887 0.778434 -0.58463 0.0959096 0.283445 0.390167 -0.253438 0.804982 -0.132787 
0.430331 -0.508608 -0.677733 0.789558 -0.430855 -0.805407 -0.729492 0.029445 -0.20578 0.193034 -0.0410188 0.825286 0.0045041 -0.597382 0.195842 -0.152109 0.244944 -0.391723 -0.60688 -0.242788 -0.780368 0.746768 0.101201 0.106591 0.736395 -0.180107 -0.150939 0.486636 0.109288 0.895394 -0.910154 0.0436901 0.237548 0.29883 0.546688 0.621467 0.176495 -0.112149 0.783685 0.730538 -0.471627 0.413833 -0.287493 0.301933 -0.352219 -0.692888 -0.6692 0.608027 -0.509935 -0.311507 
0.0679048 -0.739158 -0.228863 0.478099 -0.682569 0.572384 -0.858525 -0.10507 0.0035751 0.386283 0.702086 0.093239 -0.0476784 0.381381 0.173885 0.540716 0.367698 0.788846 0.522537 -0.810403 -0.419957 -0.047646 -0.731979 0.404244 -0.337399 -0.0804273 -0.632393 -0.0748743 0.120707 -0.730691 -0.380392 -0.483553 -0.909237 -0.324906 0.685056 -0.746364 -0.760084 0.010462 -0.820178 0.809633 -0.666909 -0.693224 -0.337805 0.432871 0.835467 -0.674888 -0.816305 -0.563645 -0.237246 -0.334701 
-0.525016 0.657618 -0.0682246 -0.27876 0.388332 0.52044 0.676371 -0.552619 -0.0468332 -0.580272 0.833881 -0.571037 -0.715999 0.617534 0.248446 0.316952 -0.00587781 0.392 -0.849689 -0.831127 0.218721 -0.885271 -0.361168 -0.615951 0.0152942 -0.118119 0.80462 0.068479 0.824114 -0.142288 0.590878 0.361314 0.899871 0.508238 -0.0337847 -0.0457574 -0.753831 0.157095 0.0534126 -0.631045 -0.253523 0.834323 -0.0377795 -0.0122992 -0.0535203 -0.608013 -0.391405 -0.817139 -0.292678 -0.835464 
0.0800204 -0.540372 0.0582871 -0.701969 0.06456 0.673971 0.330854 0.664848 -0.460289 -0.539571 -0.884808 -0.559674 0.45898 0.391023 0.28575 0.36927 -0.810441 -0.846542 0.53729 0.717251 0.0826151 -0.416125 0.594001 -0.56569 0.890161 0.35223 0.597776 0.479758 0.104731 -0.214097 -0.722731 -0.4995 0.293071 0.528789 -0.236862 -0.430183 -0.179608 -0.415966 -0.226585 -0.0181178 -0.154018 0.747433 0.334658 -0.891273 -0.200569 0.474335 -0.0691132 -0.713834 -0.169688 -0.0752805 
-0.757717 -0.071081 0.121935 0.628495 0.194512 0.681957 0.69533 -0.667984 0.216819 -0.249096 -0.332687 0.0586193 -0.181892 -0.174106 -0.615628 -0.845 -0.207608 0.541104 -0.73498 0.593985 -0.585874 0.176819 -0.390677 -0.233447 0.910079 -0.833618 -0.757679 -0.86572 -0.321994 0.503653 -0.576351 0.104993 0.293864 -0.75611 0.547625 -0.460058 -0.234078 0.211458 -0.354873 -0.62043 0.793184 -0.519625 -0.746944 0.717215 0.852555 -0.816853 0.474298 -0.331712 0.862337 -0.0435098 
0.421298 -0.0307653 0.755426 0.162744 0.807855 -0.706003 -0.239349 0.199724 -0.404564 -0.26928 0.057571 0.897676 -0.0128716 -0.630184 -0.171446 -0.0915671 -0.153922 0.427312 -0.0238057 -0.537915 0.493704 -0.794247 0.255144 0.192389 0.357556 -0.608221 -0.588574 -0.867638 -0.135288 -0.717078 0.773711 0.319073 0.582043 -0.0671545 0.0399469 0.317689 -0.527462 -0.726141 0.614623 -0.756221 -0.882945 0.166252 -0.251781 -0.090576 -0.720318 -0.195557 0.279971 -0.658465 -0.48394 -0.863486 
0.587789 0.848425 0.864263 -0.70193 0.261014 0.812074 -0.604489 -0.732593 -0.30354 -0.738607 0.397056 0.204709 0.131018 -0.776598 0.54175 0.506354 0.891869 -0.391421 0.248156 0.343007 -0.550616 -0.547423 -0.167789 -0.0976035 0.298594 0.126549 -0.45002 -0.70654 -0.543123 -0.244175 0.627554 0.420726 0.924096 0.277781 0.0362321 -0.160181 0.684456 0.0492528 0.860376 -0.765086 0.193725 0.75468 -0.0506897 -0.752879 0.659955 0.199496 0.520308 0.476216 -0.0945746 -0.227042 
0.0380789 0.0225394 0.462853 -0.305489 -0.630714 0.0835416 0.703489 -0.655012 -0.652905 0.68744 0.494703 0.14179 -0.805528 0.461967 0.201435 0.22011 -0.481174 -0.841135 -0.389719 0.362632 -0.892837 0.111625 0.00193363 -0.887652 0.191311 -0.182018 -0.160245 0.501019 -0.578981 0.538393 -0.187973 0.133831 0.0611012 -0.556283 -0.0357577 -0.538311 -0.789291 -0.651082 -0.754185 0.0558383 -0.7963 0.852791 0.0132641 0.138381 0.0734827 0.872572 0.167193 0.824424 -0.751787 -0.44516 
0.895831 0.35064 0.0598577 0.442043 -0.191118 -0.571366 0.723044 0.79307 -0.669738 -0.54774 -0.775638 0.453143 0.800088 0.376421 0.302002 -0.748652 0.735562 0.519258 -0.206288 0.0213698 -0.00234933 0.0155422 0.137598 0.847184 -0.413658 -0.13933 0.788213 0.305244 0.0672317 -0.628046 -0.180705 0.249964 -0.63388 0.711365 0.0195177 -0.892396 -0.0383269 0.622944 0.86284 0.61517 -0.708098 0.696446 -0.551858 -0.499374 -0.574986 0.681622 -0.231311 0.808056 -0.516711 -0.210168 
0.855442 0.0291905 -0.555486 0.265861 -0.708328 0.17052 -0.0823048 -0.00744373 0.595655 0.171588 -0.0464136 -0.387473 0.65037 -0.820347 0.785892 -0.564879 0.474407 -0.761052 -0.215687 -0.233029 -0.514519 -0.246933 -0.465053 -0.278565 0.0474003 -0.191151 -0.578719 0.517408 -0.380901 -0.885359 0.204182 0.304172 -0.169409 -0.88087 -0.839978 -0.0766486 -0.181668 -0.481563 -0.352767 0.3131 -0.847491 0.528796 -0.840949 -0.84522 0.00829042 0.434649 -0.634101 -0.748181 0.0600141 -0.0131497 
0.402377 0.0212174 0.240505 0.0989399 0.23212 0.38238 0.00160198 -0.401478 0.892015 -0.265678 0.688716 -0.248252 0.775693 -0.754673 -0.763165 -0.456717 0.538774 0.0547219 -0.301721 0.721752 -0.21964 0.606072 -0.753703 0.662728 -0.255088 -0.0937081 -0.668884 0.714065 -0.751712 0.0975962 0.619987 0.31172 -0.0512152 -0.836377 0.263395 -0.419329 0.768916 -0.817615 0.514509 -0.506682 0.458539 -0.0729633 0.61744 -0.764535 0.0797238 -0.334693 0.795624 -0.238282 -0.51959 0.340453 

