-0.0767237 0.709965 -0.0370938 -0.384075 -0.238518 -0.528396 0.172797 -0.495451 0.351268 -0.859822 0.689856 -0.509599 -0.486552 0.276464 -0.407481 0.80531 0.0792174 0.00380563 0.820528 -0.818587 
0.00369054 -0.470466 0.792961 -0.163172 -0.316019 0.0544903 0.547086 -0.81543 -0.135984 0.304517 0.0317887 -0.417482 0.273532 -0.126031 0.285354 0.222802 -0.654843 0.286246 0.593402 -0.262906 
0.569179 0.340158 -0.716793 -0.885489 -0.366839 -0.192243 0.745652 -0.169137 -0.861365 -0.481751 -0.783123 -0.129873 -0.619313 0.807234 -0.22941 0.700115 0.760356 0.737605 -0.541513 0.65019 
-0.68632 -0.554226 -0.886845 -0.575263 -0.180015 0.788032 -0.0626677 0.120398 0.194492 0.441444 0.561426 0.421873 -0.0480509 -0.492054 -0.163259 0.567564 0.32824 0.69768 -0.588449 -0.718617 
0.611818 -0.373855 0.408598 0.840683 0.518947 0.605608 0.88717 0.0688357 -0.0429568 0.707825 0.626122 0.403703 0.895153 0.418869 0.402636 0.382097 -0.543871 -0.732626 0.279859 0.197044 
0.821634 0.238976 -0.0967535 -0.347986 -0.194811 -0.256106 0.326152 -0.253596 0.199861 -0.795349 -0.303362 -0.620831 -0.671191 -0.605508 -0.0546043 -0.418654 -0.875937 -0.45744 -0.63584 0.71901 
0.0245234 -0.861062 -0.0665066 -0.6929 0.00940745 0.740118 0.615326 0.109096 -0.516275 0.0808052 -0.149724 -0.309246 -0.685412 0.786579 -0.395649 0.358467 -0.243395 0.168324 0.764964 0.558456 
-0.0790427 0.0596366 0.307032 0.661388 0.0100202 0.429197 -0.853837 0.791858 -0.599752 0.632782 0.899137 -0.787038 -0.10764 0.456457 0.292546 0.38035 0.365043 0.0830455 0.836566 -0.334529 
0.37665 0.715009 0.281187 -0.714687 0.587411 -0.247628 -0.860607 -0.459732 0.371316 0.60336 0.670058 0.407485 -0.809016 0.394531 0.880425 0.0945872 0.589084 0.468773 0.623187 -0.842091 
-0.452855 -0.650855 -0.633359 0.213255 -0.960303 -0.20981 0.602908 0.185562 0.28753 -0.176937 -0.369049 -0.855174 0.481526 0.500664 0.633309 -0.797698 0.774165 -0.627512 0.507874 -0.454338 
-0.0799069 -0.0151989 0.472182 0.352408 0.0176293 -0.82086 -0.491253 0.334081 0.610978 -0.615196 -0.323921 -0.9114 -0.653081 0.0990673 -0.781409 0.417982 0.679142 0.202676 0.130438 -0.525625 
-0.754812 0.605724 -0.266124 -0.710015 -0.229871 -0.468896 -0.348679 0.149467 -0.868543 -0.434353 0.153835 0.26181 -0.109163 -0.913455 -0.744442 -0.261529 0.784797 -0.812632 -0.312041 0.0192643 
-0.113656 0.572309 0.542122 -0.435741 0.190336 0.652146 0.348104 0.838762 0.704812 0.492682 0.399238 -0.234935 -0.0504131 0.674872 -0.721467 0.317276 -0.338814 -0.0091559 0.696246 -0.311647 
0.00406774 -0.281459 0.638749 -0.427286 0.37382 0.627363 0.956678 -0.306677 -0.370255 -0.468545 -0.501941 0.205378 0.520858 0.164295 0.365296 0.717339 0.524775 0.0125467 0.23351 0.446052 
-0.833782 0.522045 0.295658 0.834729 -0.335274 0.402516 -0.1148 -0.699632 0.629444 -0.199326 -0.66664 0.00561471 0.124432 0.502013 -0.624639 -0.355673 0.791852 0.352079 0.1313 0.815475 
0.331491 -0.782798 -0.837155 0.271631 -0.27833 0.46032 -0.0574659 0.623659 0.902975 0.360386 0.04486 0.802963 0.473062 0.718495 0.553183 -0.854354 0.248776 -0.0666115 -0.397468 0.0474549 
0.0127684 0.470932 0.598992 0.721975 0.203525 0.325395 0.344643 -0.718926 -0.237946 0.354986 -0.684821 -0.0929116 -0.872685 0.17295 -0.557653 -0.50292 0.000626236 0.498943 0.179753 -0.0247715 
-0.772217 -0.246079 0.365297 -0.539177 0.024138 -0.614337 0.116429 -0.56666 0.677474 -0.411998 -0.515685 -0.542461 0.131621 -0.365381 -0.0305556 -0.529462 -0.107284 -0.793803 0.808762 0.330923 
0.0325783 -0.208251 0.0732978 -0.550844 -0.162417 -0.74833 -0.828634 -0.691419 -0.731122 -0.426492 0.171777 0.188187 0.188206 -0.498873 -0.298453 0.764369 -0.562098 -0.113176 -0.000562662 -0.125956 
-0.691738 -0.0225772 -0.273227 -0.889635 -0.375201 -0.606774 -0.303974 -0.42293 0.592012 0.268651 0.68387 -0.795788 0.01063 -0.646056 0.696581 0.508268 -0.308541 0.191835 0.811438 0.417565 
-0.895421 -0.652847 -0.158876 -0.180179 -0.160085 -0.0614668 -0.123689 -0.628537 0.656893 0.42832 0.704356 -0.721265 0.242246 -0.702897 -0.293972 0.341344 -0.502945 0.852588 -0.382303 -0.451035 
-0.889001 0.223086 -0.359357 0.326703 -0.0581293 -0.623197 -0.885158 -0.266442 0.373741 -0.423675 0.00804794 -0.629075 -0.853864 0.488564 -0.5879 -0.372912 -0.282412 -0.211699 0.691842 0.753111 
0.143625 0.763767 0.288841 0.753097 0.035425 0.430975 0.377467 -0.202172 0.404221 -0.0228348 0.401158 0.284223 0.535128 0.646272 0.622507 -0.736479 -0.598137 -0.863837 -0.45067 0.896693 
0.358177 0.618979 -0.373888 0.62142 -0.483244 -0.0385984 0.041601 -0.036412 -0.482543 0.776409 -0.552077 0.382604 -0.434618 -0.495212 -0.653616 -0.5197 0.196874 0.208181 0.106672 -0.539379 
0.566739 -0.0828427 0.434596 0.648363 -0.211143 0.465159 0.467959 -0.475244 -0.839644 -0.515396 0.309374 0.884913 -0.389767 0.794047 -0.541805 -0.0194189 -0.657539 0.374749 0.665055 -0.177963 
0.0302294 0.0829242 0.711942 0.208423 0.498645 -0.276644 0.776768 0.0123516 -0.358209 0.635642 0.499165 0.861082 0.482256 0.653483 0.450747 -0.289854 0.689412 0.104711 0.680914 -0.655042 
0.0383888 -0.78653 -0.244285 -0.46569 -0.70326 0.187303 -0.060316 -0.384456 0.38627 -0.0548982 -0.557751 -0.819144 -0.514139 0.562445 0.196514 0.581637 0.638116 0.479835 0.600926 0.189848 
0.310757 0.474269 -0.117297 -0.774051 -0.666758 -0.82138 -0.594617 -0.697328 0.146943 -0.0263483 0.249523 0.822195 0.1513 0.791418 0.744351 0.127157 -0.0810395 0.185519 -0.645319 0.449329 
0.213592 0.78516 -0.85239 0.31415 0.340303 0.684447 0.181819 0.682281 -0.38138 -0.289817 0.525634 -0.508971 0.0349979 0.531404 0.0803297 0.539944 0.654265 -0.86766 -0.8491 0.204911 
-0.267579 0.087974 0.265773 0.536402 -0.851833 0.772662 -0.525622 -0.219119 0.434772 0.718569 0.368417 -0.0851485 0.15852 -0.120956 0.690431 0.546946 0.431143 -0.546437 -0.682322 -0.260544 

